100 0
200 0.1
300 0.2
400 0.45
500 0.8
600 1.45
700 2.6
800 3.15
900 4.1
1000 5.2
1100 6.45
1200 7.6
1300 8.95
1400 10.6
1500 12.3
1600 14.45
1700 15.9
1800 17.95
1900 20.1
2000 22.35
2100 25
2200 27.85
2300 31.2
2400 33.65
2500 36.95
2600 41.65
2700 46.9
2800 49.65
2900 57.2
3000 65.95
3100 71.6
3200 84.35
3300 89.85
3400 111.8
3500 130.85
3600 140.7
3700 150.9
3800 166.75
3900 188.95
4000 217.5
4100 237.3
4200 259.15
4300 285.7
4400 315.3
4500 334.4
4600 360.7
4700 381.6
4800 404.7
4900 456.75
5000 488.25
5100 518
5200 536.25
5300 558
5400 586.4
5500 607.7
5600 642.3
5700 663.75
5800 684.7
5900 723.25
6000 733.9
6100 764.95
6200 804.15
6300 830.9
6400 886.75
6500 892.05
6600 910.15
6700 931.4
6800 973.65
6900 1036.8
7000 1054.9
7100 1096.3
7200 1141.9
7300 1178.95
7400 1150.85
7500 1249.3
7600 1223.45
7700 1298.05
7800 1335.55
7900 1349.85
8000 1433.8
8100 1399.1
