100 0
200 0.1
300 0.1
400 0.25
500 0.2
600 0.5
700 0.75
800 1.25
900 1.65
1000 2.05
1100 2.8
1200 3.35
1300 4.2
1400 5
1500 5.75
1600 7
1700 7.75
1800 8.65
1900 9.65
2000 10.75
2100 11.95
2200 13.1
2300 14.15
2400 15.2
2500 16.8
2600 21.45
2700 20.85
2800 21.75
2900 24.3
3000 25
3100 26.75
3200 28.15
3300 31.25
3400 31.7
3500 33.85
3600 37.4
3700 39.15
3800 40.1
3900 42.75
4000 44.55
4100 47.85
4200 49.55
4300 51.55
4400 54.05
4500 55.9
4600 57.75
4700 60.75
4800 63.15
4900 65.15
5000 67.7
5100 69.95
5200 74.85
5300 78.3
5400 81.2
5500 84.2
5600 87.95
5700 89.1
5800 93.15
5900 93.7
6000 97.75
6100 101.45
6200 106.65
6300 109.25
6400 111.6
6500 115.9
6600 116.85
6700 123.05
6800 127.55
6900 135.5
7000 134.55
7100 138.45
7200 145.7
7300 145
7400 147.1
7500 153.9
7600 161.95
7700 162.9
7800 163.55
7900 166.8
8000 171.15
8100 175.8
