desc: I1 cache:         32768 B, 64 B, 8-way associative
desc: D1 cache:         32768 B, 64 B, 8-way associative
desc: LL cache:         67108864 B, 64 B, direct-mapped
cmd: ./prog1
events: Ir I1mr ILmr Dr D1mr DLmr Dw D1mw DLmw 
fl=./csu/../csu/libc-start.c
fn=__libc_start_main@@GLIBC_2.34
128 2 1 1 2 0 0 0 0 0
134 3 0 0 1 0 0 0 0 0
135 7 0 0 3 0 0 2 0 0
138 1 0 0 1 0 0 0 0 0
139 2 0 0 0 0 0 0 0 0
142 3 0 0 2 1 0 0 0 0
143 2 1 1 2 0 0 0 0 0
144 11 1 1 1 0 0 1 0 0
145 4 0 0 1 0 0 2 0 0
242 11 1 1 0 0 0 6 0 0
340 3 0 0 0 0 0 0 0 0
341 3 0 0 0 0 0 1 0 0
366 6 1 1 2 0 0 1 0 0
369 2 0 0 0 0 0 0 0 0
372 2 0 0 2 0 0 0 0 0
379 2 0 0 1 0 0 1 0 0
381 2 0 0 0 0 0 0 0 0
389 4 0 0 0 0 0 1 0 0
fl=./csu/../sysdeps/nptl/libc_start_call_main.h
fn=(below main)
29 7 1 1 1 0 0 4 0 0
44 2 1 1 0 0 0 1 0 0
46 2 0 0 0 0 0 0 0 0
51 2 0 0 1 1 0 1 0 0
52 2 0 0 1 1 0 1 0 0
55 2 0 0 0 0 0 1 0 0
58 7 1 1 5 0 0 1 0 0
74 1 0 0 0 0 0 1 0 0
fl=./csu/./csu/init-first.c
fn=_init_first
46 3 1 1 0 0 0 1 0 0
51 2 0 0 1 0 0 0 0 0
55 5 0 0 4 2 1 0 0 0
61 1 1 1 0 0 0 1 1 0
62 1 0 0 0 0 0 1 0 0
63 2 0 0 1 0 0 1 1 1
71 2 0 0 0 0 0 0 0 0
72 2 0 0 1 0 0 0 0 0
fl=./ctype/./ctype/ctype-info.c
fn=__ctype_init
31 7 2 2 5 3 0 1 0 0
33 4 0 0 2 0 0 1 0 0
35 4 0 0 2 0 0 1 0 0
36 1 0 0 1 0 0 0 0 0
fl=./elf/../bits/stdlib-bsearch.h
fn=intel_check_word.constprop.0
27 102 0 0 0 0 0 0 0 0
28 51 1 1 0 0 0 0 0 0
29 690 0 0 0 0 0 0 0 0
31 690 0 0 0 0 0 0 0 0
32 345 0 0 0 0 0 0 0 0
35 294 0 0 0 0 0 0 0 0
37 102 0 0 0 0 0 0 0 0
fl=./elf/../elf/dl-tls.c
fn=_dl_add_to_slotinfo
1015 7 1 1 0 0 0 4 0 0
1021 1 0 0 1 0 0 0 0 0
1024 1 0 0 1 1 0 0 0 0
1025 1 0 0 0 0 0 0 0 0
1029 3 1 1 1 0 0 0 0 0
1063 2 0 0 0 0 0 0 0 0
1066 3 0 0 0 0 0 1 1 0
1067 3 1 1 1 1 0 1 0 0
1070 6 0 0 5 0 0 0 0 0
fn=_dl_allocate_tls_init
528 9 2 2 0 0 0 8 0 0
529 2 0 0 0 0 0 0 0 0
533 2 0 0 1 1 0 1 0 0
535 3 0 0 0 0 0 1 0 0
536 1 1 1 0 0 0 0 0 0
539 2 0 0 1 1 0 1 0 0
542 3 0 0 2 1 0 0 0 0
554 1 0 0 1 0 0 0 0 0
559 16 0 0 3 0 0 0 0 0
565 5 1 1 0 0 0 0 0 0
568 3 1 1 1 0 0 0 0 0
569 2 0 0 0 0 0 0 0 0
575 3 0 0 2 0 0 0 0 0
576 2 0 0 0 0 0 0 0 0
578 5 1 1 2 0 0 1 0 0
579 1 0 0 0 0 0 1 0 0
581 2 0 0 0 0 0 0 0 0
582 2 0 0 1 0 0 0 0 0
585 2 0 0 0 0 0 0 0 0
586 4 0 0 2 0 0 0 0 0
588 2 1 1 0 0 0 0 0 0
589 2 0 0 1 0 0 0 0 0
598 1 0 0 0 0 0 1 0 0
606 2 0 0 1 0 0 0 0 0
608 8 0 0 1 0 0 2 0 0
614 1 0 0 1 0 0 0 0 0
620 2 0 0 1 0 0 1 0 0
623 2 0 0 1 0 0 1 0 0
626 9 1 1 8 0 0 0 0 0
fn=_dl_allocate_tls_storage
422 4 1 1 0 0 0 3 0 0
424 1 0 0 1 0 0 0 0 0
435 1 1 1 1 0 0 0 0 0
436 1 0 0 0 0 0 0 0 0
437 3 0 0 0 0 0 0 0 0
445 4 0 0 0 0 0 0 0 0
446 1 0 0 0 0 0 0 0 0
450 321 1 1 0 0 0 313 39 39
469 1 0 0 0 0 0 1 1 1
471 2 0 0 0 0 0 1 0 0
472 2 0 0 0 0 0 0 0 0
475 5 0 0 4 0 0 0 0 0
fn=_dl_assign_tls_modid
131 1 1 1 0 0 0 0 0 0
134 2 0 0 1 0 0 0 0 0
147 1 0 0 1 0 0 0 0 0
186 1 0 0 0 0 0 0 0 0
188 1 0 0 0 0 0 1 0 0
191 1 1 1 0 0 0 1 0 0
192 2 0 0 1 0 0 0 0 0
fn=_dl_count_modids
199 2 1 1 1 0 0 0 0 0
200 1 0 0 1 0 0 0 0 0
215 2 1 1 1 0 0 0 0 0
fn=_dl_determine_tlsoffset
221 7 1 1 0 0 0 6 0 0
222 1 0 0 0 0 0 0 0 0
223 1 0 0 0 0 0 0 0 0
224 1 0 0 0 0 0 0 0 0
227 3 0 0 1 0 0 0 0 0
230 2 1 1 1 0 0 0 0 0
264 1 0 0 0 0 0 0 0 0
266 10 0 0 2 0 0 0 0 0
268 5 1 1 2 0 0 1 0 0
270 3 0 0 1 0 0 0 0 0
271 2 0 0 1 0 0 0 0 0
273 2 0 0 0 0 0 0 0 0
275 5 0 0 1 0 0 0 0 0
286 1 0 0 0 0 0 1 0 0
291 8 0 0 0 0 0 0 0 0
293 2 0 0 0 0 0 0 0 0
294 1 0 0 0 0 0 0 0 0
306 1 0 0 0 0 0 1 0 0
307 6 1 1 1 0 0 0 0 0
309 2 0 0 0 0 0 1 0 0
359 1 1 1 0 0 0 1 0 0
360 8 0 0 7 0 0 0 0 0
fn=_dl_tls_static_surplus_init
83 3 0 0 0 0 0 0 0 0
97 5 1 1 0 0 0 3 0 0
101 6 0 0 1 0 0 1 0 0
102 6 1 1 1 0 0 1 0 0
108 2 0 0 0 0 0 0 0 0
110 4 0 0 0 0 0 0 0 0
113 1 0 0 0 0 0 0 0 0
115 1 0 0 0 0 0 1 0 0
117 3 0 0 0 0 0 1 0 0
118 5 0 0 4 0 0 0 0 0
fn=allocate_dtv
365 4 1 1 0 0 0 2 0 0
370 1 1 1 1 0 0 0 0 0
374 1 0 0 0 0 0 0 0 0
375 1 0 0 0 0 0 0 0 0
376 2 0 0 0 0 0 0 0 0
379 1 0 0 0 0 0 1 1 1
385 3 0 0 0 0 0 1 0 0
391 4 0 0 3 0 0 0 0 0
fl=./elf/../include/list.h
fn=__tls_init_tp
44 2 0 0 1 0 0 1 0 0
45 2 0 0 0 0 0 1 0 0
46 1 0 0 0 0 0 1 1 0
48 1 0 0 0 0 0 1 0 0
fl=./elf/../include/rtld-malloc.h
fn=_dl_allocate_tls_storage
56 1 0 0 1 0 0 1 0 0
fn=_dl_check_map_versions
44 9 0 0 3 0 0 3 0 0
fn=_dl_important_hwcaps
56 4 0 0 2 0 0 3 0 0
fn=_dl_init_paths
56 5 0 0 3 0 0 3 0 0
fn=_dl_map_object_deps
56 6 0 0 3 0 0 3 0 0
fn=_dl_new_object
44 12 1 1 3 0 0 6 0 0
56 6 1 1 2 0 0 2 0 0
fn=allocate_dtv
44 2 0 0 1 0 0 1 0 0
fn=fillin_rpath.isra.0
50 2 1 1 2 0 0 1 0 0
51 1 0 0 0 0 0 0 0 0
56 2 1 1 1 0 0 1 0 0
fn=init_tls
44 2 0 0 1 0 0 1 0 0
fn=open_verify.constprop.0
50 4 1 1 2 0 0 2 0 0
fn=rtld_calloc
56 8 0 0 8 0 0 0 0 0
fl=./elf/../include/scratch_buffer.h
fn=_dl_map_object_deps
77 3 0 0 0 0 0 2 0 0
78 1 0 0 0 0 0 1 1 1
85 3 1 1 2 0 0 0 0 0
131 6 0 0 0 0 0 2 0 0
fl=./elf/../misc/sbrk.c
fn=sbrk
37 4 1 1 0 0 0 2 0 0
40 1 0 0 1 0 0 0 0 0
58 2 0 0 0 0 0 0 0 0
62 2 0 0 0 0 0 0 0 0
78 5 1 1 3 0 0 0 0 0
fl=./elf/../nptl/nptl-stack.h
fn=__libc_early_init
59 8 0 0 2 1 0 0 0 0
fl=./elf/../sysdeps/generic/dl-cache.h
fn=_dl_load_cache_lookup
194 1 0 0 1 0 0 0 0 0
195 5 1 1 0 0 0 0 0 0
fn=search_cache
125 5 1 1 1 0 0 0 0 0
fl=./elf/../sysdeps/generic/dl-hash.h
fn=__rtld_malloc_init_real
43 1 0 0 0 0 0 0 0 0
44 1 0 0 0 0 0 0 0 0
45 28 1 1 5 1 1 0 0 0
48 18 0 0 0 0 0 0 0 0
62 24 0 0 0 0 0 0 0 0
67 1 0 0 0 0 0 0 0 0
72 1 0 0 0 0 0 1 0 0
fl=./elf/../sysdeps/generic/ldsodefs.h
fn=_dl_new_object
1362 48 0 0 0 0 0 0 0 0
fn=_dl_relocate_object
139 258 0 0 86 0 0 0 0 0
fn=_dl_start
81 2 2 2 1 0 0 0 0 0
fn=do_lookup_x
139 246 0 0 82 0 0 0 0 0
fl=./elf/../sysdeps/nptl/dl-mutex.c
fn=__rtld_mutex_init
30 3 0 0 0 0 0 3 0 0
37 1 0 0 1 1 0 0 0 0
40 7 1 1 0 0 0 1 0 0
44 2 0 0 0 0 0 0 0 0
45 9 1 1 3 0 0 1 0 0
47 6 0 0 0 0 0 1 0 0
51 2 0 0 0 0 0 0 0 0
52 7 1 1 3 0 0 1 0 0
53 4 0 0 4 0 0 0 0 0
fl=./elf/../sysdeps/nptl/dl-tls_init_tp.c
fn=__tls_init_tp
61 2 1 1 1 0 0 0 0 0
64 1 1 1 1 0 0 0 0 0
65 4 0 0 0 0 0 1 0 0
66 2 0 0 0 0 0 1 0 0
67 1 0 0 0 0 0 1 0 0
72 2 0 0 1 0 0 1 0 0
77 2 1 1 0 0 0 1 0 0
79 1 0 0 0 0 0 1 0 0
80 1 0 0 0 0 0 1 0 0
83 3 0 0 0 0 0 0 0 0
96 2 0 0 1 0 0 1 0 0
97 1 0 0 1 0 0 0 0 0
fn=__tls_pre_init_tp
47 3 2 2 0 0 0 2 1 1
48 3 0 0 0 0 0 2 1 1
49 3 0 0 0 0 0 2 0 0
52 2 0 0 0 0 0 1 0 0
53 1 0 0 0 0 0 1 0 0
55 1 0 0 1 0 0 0 0 0
fn=rtld_mutex_dummy
39 16 0 0 8 0 0 0 0 0
fl=./elf/../sysdeps/nptl/pthread_early_init.h
fn=__libc_early_init
33 6 1 1 0 0 0 1 0 0
34 6 0 0 1 0 0 0 0 0
45 2 0 0 2 0 0 0 0 0
46 1 0 0 0 0 0 0 0 0
52 7 0 0 0 0 0 1 0 0
53 1 0 0 0 0 0 1 1 1
54 1 1 1 0 0 0 1 1 1
57 1 0 0 0 0 0 1 0 0
fl=./elf/../sysdeps/posix/dl-fileid.h
fn=_dl_map_object_from_fd
37 10 2 2 2 0 0 2 0 0
40 4 0 0 2 1 1 2 0 0
41 4 0 0 2 0 0 2 0 0
49 12 0 0 6 1 1 0 0 0
fl=./elf/../sysdeps/unix/sysv/linux/brk.c
fn=brk
37 1 0 0 0 0 0 1 1 1
38 2 0 0 0 0 0 0 0 0
44 1 0 0 0 0 0 0 0 0
45 1 0 0 1 0 0 0 0 0
fl=./elf/../sysdeps/unix/sysv/linux/brk_call.h
fn=brk
24 2 1 1 0 0 0 0 0 0
fl=./elf/../sysdeps/unix/sysv/linux/dl-osinfo.h
fn=dl_main
64 2 0 0 1 0 0 0 0 0
fl=./elf/../sysdeps/unix/sysv/linux/dl-parse_auxv.h
fn=_dl_sysdep_parse_arguments
32 2 0 0 0 0 0 1 0 0
33 1 0 0 0 0 0 1 0 0
34 1 0 0 0 0 0 1 0 0
41 84 0 0 21 5 5 0 0 0
42 40 1 1 0 0 0 0 0 0
43 40 0 0 20 0 0 20 0 0
45 2 0 0 1 0 0 1 0 0
46 2 0 0 1 0 0 1 0 0
47 2 0 0 1 0 0 1 0 0
48 2 1 1 1 0 0 1 0 0
49 2 1 1 1 0 0 1 0 0
50 2 0 0 1 0 0 1 1 1
51 2 0 0 1 0 0 1 0 0
52 2 0 0 1 0 0 1 0 0
53 2 0 0 1 0 0 1 0 0
54 2 0 0 1 0 0 1 1 1
fl=./elf/../sysdeps/unix/sysv/linux/dl-sysdep.c
fn=_dl_discover_osversion
255 4 1 1 0 0 0 3 0 0
257 3 0 0 1 0 0 0 0 0
297 4 1 1 0 0 0 1 1 1
312 1 1 1 0 0 0 0 0 0
316 1 0 0 0 0 0 0 0 0
317 1 0 0 0 0 0 0 0 0
319 12 0 0 3 1 1 0 0 0
321 6 0 0 0 0 0 0 0 0
323 17 0 0 4 0 0 0 0 0
325 1 0 0 0 0 0 0 0 0
326 4 0 0 0 0 0 0 0 0
329 3 0 0 0 0 0 0 0 0
330 3 1 1 0 0 0 0 0 0
331 3 0 0 0 0 0 0 0 0
333 13 0 0 0 0 0 0 0 0
338 2 0 0 0 0 0 0 0 0
342 5 0 0 4 0 0 0 0 0
fn=_dl_sysdep_parse_arguments
78 7 2 2 0 0 0 5 1 1
79 2 0 0 1 1 1 1 0 0
80 2 0 0 0 0 0 1 1 1
81 3 0 0 0 0 0 1 1 1
82 70 0 0 0 0 0 0 0 0
83 143 0 0 71 9 9 0 0 0
86 2 0 0 0 0 0 1 1 1
90 56 1 1 0 0 0 52 6 6
93 2 0 0 1 0 0 1 0 0
94 2 0 0 1 0 0 1 0 0
95 2 0 0 1 0 0 1 0 0
96 7 1 1 6 0 0 0 0 0
fn=_dl_sysdep_start
102 3 1 1 0 0 0 1 0 0
103 1 0 0 0 0 0 1 0 0
106 2 0 0 0 0 0 1 1 1
110 2 1 1 1 0 0 1 0 0
112 2 0 0 0 0 0 1 0 0
119 3 0 0 1 0 0 0 0 0
120 2 0 0 0 0 0 2 0 0
122 5 0 0 0 0 0 1 0 0
134 3 1 1 1 0 0 0 0 0
137 5 0 0 3 0 0 1 0 0
140 4 1 0 3 1 0 0 0 0
fn=_dl_sysdep_start_cleanup
145 1 1 1 1 0 0 0 0 0
fl=./elf/../sysdeps/unix/sysv/linux/dl-vdso-setup.h
fn=dl_main
30 3 1 1 0 0 0 2 0 0
33 1 0 0 0 0 0 1 0 0
36 1 0 0 0 0 0 1 0 0
39 1 0 0 0 0 0 1 0 0
45 1 1 1 0 0 0 1 0 0
fl=./elf/../sysdeps/unix/sysv/linux/dl-vdso.h
fn=dl_main
40 1 1 1 1 0 0 0 0 0
41 2 0 0 0 0 0 0 0 0
55 2 1 1 0 0 0 0 0 0
fl=./elf/../sysdeps/unix/sysv/linux/x86/dl-minsigstacksize.h
fn=get_common_indices.constprop.0
24 2 1 1 1 0 0 0 0 0
27 2 0 0 1 0 0 0 0 0
28 2 0 0 1 0 0 0 0 0
65 3 0 0 0 0 0 0 0 0
72 1 0 0 0 0 0 0 0 0
74 1 0 0 0 0 0 1 0 0
fl=./elf/../sysdeps/x86/cpu-features.c
fn=get_common_indices.constprop.0
325 1 1 1 0 0 0 1 0 0
329 4 0 0 0 0 0 0 0 0
332 5 0 0 0 0 0 3 0 0
336 1 1 1 0 0 0 1 0 0
337 4 0 0 0 0 0 1 0 0
338 4 0 0 0 0 0 1 0 0
339 4 0 0 0 0 0 1 0 0
340 3 0 0 0 0 0 1 0 0
341 2 0 0 1 0 0 0 0 0
348 2 0 0 1 0 0 0 0 0
350 9 1 1 0 0 0 4 1 1
355 8 1 1 0 0 0 4 1 1
362 2 0 0 1 0 0 0 0 0
363 7 0 0 0 0 0 4 1 1
369 2 0 0 1 0 0 0 0 0
384 2 0 0 2 0 0 0 0 0
fn=init_cpu_features.constprop.0
303 3 1 1 0 0 0 0 0 0
304 2 0 0 0 0 0 0 0 0
305 6 0 0 0 0 0 4 0 0
310 2 0 0 0 0 0 0 0 0
311 6 1 1 0 0 0 4 0 0
316 2 0 0 0 0 0 0 0 0
317 6 0 0 0 0 0 4 0 0
399 7 1 1 0 0 0 6 0 0
402 1 0 0 0 0 0 1 0 0
403 1 0 0 0 0 0 1 0 0
404 1 0 0 0 0 0 1 0 0
415 3 1 1 0 0 0 1 0 0
418 6 0 0 0 0 0 0 0 0
419 1 0 0 0 0 0 0 0 0
422 2 0 0 0 0 0 0 0 0
424 6 1 1 0 0 0 1 0 0
429 1 1 1 0 0 0 1 0 0
431 3 0 0 1 0 0 0 0 0
433 5 1 1 2 0 0 1 0 0
434 15 1 1 0 0 0 0 0 0
489 3 0 0 1 0 0 0 0 0
503 1 1 1 1 0 0 0 0 0
513 7 1 1 0 0 0 0 0 0
516 1 0 0 1 0 0 0 0 0
564 2 0 0 1 0 0 0 0 0
571 2 0 0 1 0 0 0 0 0
573 1 0 0 1 0 0 0 0 0
577 2 0 0 1 0 0 0 0 0
579 2 1 1 1 0 0 0 0 0
583 2 0 0 1 0 0 0 0 0
687 3 1 1 1 0 0 0 0 0
688 1 0 0 1 0 0 0 0 0
691 2 0 0 0 0 0 0 0 0
692 1 0 0 1 0 0 0 0 0
698 1 1 1 0 0 0 1 0 0
699 1 0 0 0 0 0 1 0 0
700 1 0 0 0 0 0 1 0 0
701 1 0 0 0 0 0 1 0 0
706 4 1 1 0 0 0 1 0 0
710 3 1 1 1 0 0 0 0 0
723 2 0 0 0 0 0 0 0 0
724 4 0 0 1 0 0 0 0 0
770 1 0 0 0 0 0 1 0 0
771 2 1 1 1 0 0 0 0 0
775 3 1 1 1 0 0 0 0 0
792 2 1 1 0 0 0 0 0 0
874 8 1 1 7 0 0 0 0 0
fn=update_active.constprop.0
43 7 1 1 0 0 0 6 0 0
47 1 0 0 1 0 0 0 0 0
55 3 1 1 1 0 0 0 0 0
56 3 0 0 0 0 0 0 0 0
57 1 0 0 1 0 0 0 0 0
65 4 0 0 1 0 0 1 0 0
66 1 0 0 1 0 0 0 0 0
74 3 0 0 1 0 0 0 0 0
75 1 0 0 1 0 0 0 0 0
76 3 0 0 0 0 0 1 1 1
80 4 1 1 0 0 0 1 0 0
83 4 1 1 1 0 0 1 0 0
84 1 0 0 1 0 0 0 0 0
87 4 1 1 1 0 0 1 0 0
88 2 0 0 1 0 0 1 0 0
92 4 0 0 1 0 0 1 0 0
93 3 0 0 2 0 0 0 0 0
94 3 0 0 2 0 0 0 0 0
95 2 0 0 1 0 0 1 0 0
97 4 0 0 1 0 0 1 0 0
98 3 1 1 2 1 1 0 0 0
101 6 0 0 0 0 0 1 0 0
109 2 0 0 0 0 0 0 0 0
113 2 0 0 0 0 0 0 0 0
115 4 0 0 0 0 0 0 0 0
119 2 1 1 0 0 0 0 0 0
121 1 0 0 0 0 0 0 0 0
124 2 0 0 0 0 0 0 0 0
134 4 0 0 1 0 0 1 0 0
140 4 1 1 0 0 0 1 0 0
142 4 0 0 1 0 0 1 0 0
144 3 0 0 0 0 0 1 0 0
149 4 0 0 0 0 0 0 0 0
154 2 1 1 0 0 0 0 0 0
198 3 1 1 0 0 0 0 0 0
210 3 0 0 1 0 0 1 0 0
211 1 1 1 1 0 0 0 0 0
214 4 0 0 1 0 0 1 0 0
218 2 0 0 1 0 0 0 0 0
222 3 1 1 0 0 0 0 0 0
223 2 0 0 0 0 0 0 0 0
225 1 0 0 0 0 0 0 0 0
226 1 0 0 0 0 0 0 0 0
229 2 0 0 0 0 0 1 0 0
231 1 0 0 0 0 0 1 1 1
234 2 1 1 0 0 0 0 0 0
285 3 0 0 1 0 0 0 0 0
289 3 1 1 1 0 0 0 0 0
296 1 0 0 0 0 0 1 0 0
297 8 0 0 7 0 0 0 0 0
fl=./elf/../sysdeps/x86/dl-cacheinfo.h
fn=get_common_cache_info.constprop.0
481 9 2 2 0 0 0 6 0 0
496 1 0 0 1 0 0 0 0 0
497 2 0 0 1 0 0 1 0 0
498 2 0 0 1 0 0 1 0 0
499 1 0 0 1 0 0 0 0 0
505 1 0 0 0 0 0 1 0 0
507 6 0 0 3 0 0 1 0 0
510 2 0 0 0 0 0 0 0 0
521 1 0 0 0 0 0 0 0 0
526 3 1 1 1 0 0 0 0 0
530 2 0 0 0 0 0 0 0 0
535 6 1 1 0 0 0 1 0 0
538 14 1 1 0 0 0 0 0 0
544 8 0 0 0 0 0 0 0 0
545 8 1 1 0 0 0 0 0 0
548 26 0 0 0 0 0 0 0 0
553 2 0 0 0 0 0 0 0 0
557 3 0 0 0 0 0 0 0 0
558 1 1 1 0 0 0 0 0 0
562 6 0 0 0 0 0 0 0 0
566 3 0 0 0 0 0 0 0 0
569 4 0 0 0 0 0 1 0 0
570 1 0 0 0 0 0 0 0 0
575 10 0 0 0 0 0 0 0 0
581 4 0 0 0 0 0 0 0 0
589 9 1 1 1 0 0 0 0 0
591 2 0 0 0 0 0 0 0 0
593 4 0 0 0 0 0 0 0 0
595 11 1 1 0 0 0 0 0 0
597 1 0 0 0 0 0 0 0 0
598 1 0 0 0 0 0 0 0 0
599 8 0 0 0 0 0 0 0 0
601 4 0 0 0 0 0 0 0 0
604 2 1 1 0 0 0 0 0 0
609 1 0 0 0 0 0 0 0 0
611 4 0 0 0 0 0 0 0 0
612 3 0 0 0 0 0 0 0 0
613 1 0 0 0 0 0 0 0 0
616 2 0 0 0 0 0 0 0 0
619 2 1 1 0 0 0 0 0 0
623 2 0 0 1 0 0 0 0 0
626 1 0 0 0 0 0 0 0 0
628 5 0 0 0 0 0 0 0 0
629 1 0 0 0 0 0 0 0 0
634 2 0 0 0 0 0 0 0 0
639 2 0 0 0 0 0 0 0 0
641 2 1 1 0 0 0 0 0 0
642 3 1 1 0 0 0 0 0 0
643 2 0 0 1 0 0 0 0 0
681 4 0 0 0 0 0 0 0 0
682 5 0 0 0 0 0 0 0 0
686 2 0 0 1 0 0 0 0 0
693 1 0 0 0 0 0 1 0 0
694 1 0 0 0 0 0 1 0 0
695 7 0 0 7 0 0 0 0 0
fn=handle_intel.constprop.0
250 96 0 0 0 0 0 72 0 0
255 24 1 1 12 0 0 0 0 0
261 24 0 0 0 0 0 12 0 0
263 12 0 0 0 0 0 12 0 0
264 36 1 1 0 0 0 12 0 0
266 15 0 0 1 0 0 0 0 0
272 60 0 0 0 0 0 12 0 0
277 24 0 0 0 0 0 0 0 0
279 24 0 0 0 0 0 12 0 0
280 12 0 0 0 0 0 0 0 0
284 48 1 1 0 0 0 12 0 0
286 24 0 0 0 0 0 0 0 0
289 60 0 0 0 0 0 12 0 0
291 24 0 0 0 0 0 0 0 0
294 5 0 0 0 0 0 1 0 0
296 2 0 0 0 0 0 0 0 0
299 5 0 0 1 0 0 1 0 0
301 2 0 0 0 0 0 0 0 0
305 3 0 0 0 0 0 0 0 0
310 96 1 1 84 0 0 0 0 0
fn=init_cpu_features.constprop.0
706 1 0 0 0 0 0 1 0 0
708 1 0 0 0 0 0 1 0 0
722 2 0 0 0 0 0 0 0 0
724 3 2 2 0 0 0 1 0 0
725 4 0 0 0 0 0 2 0 0
726 4 0 0 0 0 0 2 0 0
729 3 0 0 0 0 0 2 0 0
731 3 1 1 0 0 0 2 0 0
732 1 0 0 0 0 0 1 0 0
734 3 0 0 0 0 0 2 0 0
736 3 0 0 0 0 0 2 0 0
737 1 0 0 0 0 0 1 0 0
739 3 1 1 0 0 0 2 0 0
741 3 0 0 0 0 0 2 0 0
744 3 0 0 0 0 0 2 0 0
746 3 0 0 0 0 0 2 0 0
748 3 0 0 0 0 0 2 0 0
750 4 1 1 0 0 0 1 0 0
840 1 0 0 0 0 0 1 1 1
841 2 1 1 1 0 0 1 0 0
842 2 0 0 1 0 0 1 0 0
843 2 1 1 1 0 0 1 0 0
844 2 1 1 1 0 0 1 0 0
845 2 0 0 1 0 0 1 0 0
846 2 0 0 1 0 0 1 0 0
847 2 0 0 1 0 0 1 0 0
848 1 0 0 0 0 0 1 0 0
849 1 0 0 0 0 0 1 0 0
850 1 0 0 0 0 0 1 0 0
851 1 0 0 0 0 0 1 1 1
863 11 0 0 5 0 0 0 0 0
873 2 1 1 1 0 0 0 0 0
874 1 0 0 1 0 0 0 0 0
881 10 1 1 0 0 0 0 0 0
899 3 0 0 1 0 0 0 0 0
907 6 1 1 1 0 0 2 0 0
909 2 0 0 0 0 0 0 0 0
912 5 0 0 1 0 0 1 0 0
914 3 0 0 0 0 0 1 0 0
917 5 1 1 1 0 0 1 0 0
919 2 0 0 0 0 0 0 0 0
922 5 0 0 1 0 0 1 0 0
924 4 0 0 1 0 0 1 0 0
929 6 1 1 1 0 0 2 0 0
932 9 1 1 0 0 0 4 0 0
933 9 0 0 1 0 0 4 0 0
940 9 1 1 0 0 0 4 0 0
942 10 1 1 1 0 0 4 0 0
944 9 1 1 1 0 0 4 0 0
954 3 0 0 2 0 0 0 0 0
960 1 0 0 0 0 0 1 0 0
961 2 0 0 1 0 0 1 0 0
962 1 0 0 0 0 0 1 0 0
963 2 0 0 0 0 0 1 0 0
964 2 0 0 1 0 0 1 0 0
965 1 0 0 0 0 0 1 0 0
fn=intel_check_word.constprop.0
110 690 0 0 345 8 8 0 0 0
113 345 0 0 0 0 0 0 0 0
119 104 0 0 0 0 0 78 0 0
123 78 1 1 0 0 0 0 0 0
125 15 1 1 0 0 0 0 0 0
129 156 1 1 0 0 0 0 0 0
131 154 0 0 0 0 0 0 0 0
133 63 1 1 0 0 0 0 0 0
135 126 0 0 0 0 0 0 0 0
143 126 0 0 0 0 0 0 0 0
152 12 0 0 0 0 0 0 0 0
155 123 0 0 0 0 0 0 0 0
158 99 0 0 0 0 0 0 0 0
162 64 1 1 0 0 0 0 0 0
164 192 0 0 0 0 0 0 0 0
165 24 0 0 0 0 0 0 0 0
166 80 0 0 0 0 0 0 0 0
167 18 0 0 0 0 0 0 0 0
168 44 1 1 0 0 0 0 0 0
169 32 0 0 0 0 0 0 0 0
170 10 0 0 0 0 0 0 0 0
172 11 0 0 0 0 0 0 0 0
174 22 0 0 0 0 0 0 0 0
176 12 1 1 0 0 0 0 0 0
177 16 0 0 0 0 0 0 0 0
178 12 0 0 0 0 0 0 0 0
179 20 0 0 0 0 0 0 0 0
180 14 1 1 0 0 0 0 0 0
181 12 1 1 0 0 0 0 0 0
183 8 0 0 0 0 0 0 0 0
184 12 0 0 0 0 0 0 0 0
187 21 0 0 0 0 0 0 0 0
194 204 0 0 0 0 0 0 0 0
202 200 0 0 50 0 0 0 0 0
216 51 0 0 0 0 0 0 0 0
246 104 0 0 104 0 0 0 0 0
fl=./elf/../sysdeps/x86/dl-get-cpu-features.c
fn=__x86_cpu_features
38 3 1 0 1 0 0 0 0 0
42 2 0 0 1 0 0 0 0 0
fn=_dl_x86_init_cpu_features
38 3 1 1 1 0 0 0 0 0
39 1 0 0 0 0 0 0 0 0
fl=./elf/../sysdeps/x86/dl-hwcap.h
fn=_dl_important_hwcaps
57 7 0 0 1 0 0 1 0 0
fl=./elf/../sysdeps/x86/dl-procinfo.h
fn=search_cache
39 2 1 1 0 0 0 0 0 0
42 15 1 1 0 0 0 4 0 0
fl=./elf/../sysdeps/x86/dl-prop.h
fn=_dl_map_object_from_fd
95 12 1 1 6 0 0 0 0 0
100 1 0 0 0 0 0 0 0 0
101 1 0 0 0 0 0 1 0 0
102 1 0 0 0 0 0 0 0 0
104 9 0 0 0 0 0 1 0 0
107 3 1 1 1 0 0 0 0 0
108 2 0 0 1 0 0 0 0 0
109 2 0 0 1 0 0 0 0 0
113 3 1 1 1 0 0 0 0 0
117 3 0 0 0 0 0 1 0 0
120 3 0 0 1 0 0 0 0 0
121 2 0 0 0 0 0 0 0 0
125 1 0 0 0 0 0 0 0 0
126 3 0 0 0 0 0 0 0 0
130 4 1 1 1 0 0 0 0 0
131 1 0 0 1 0 0 0 0 0
134 2 0 0 0 0 0 0 0 0
137 1 0 0 0 0 0 0 0 0
138 4 0 0 0 0 0 0 0 0
143 4 0 0 0 0 0 0 0 0
149 2 0 0 0 0 0 0 0 0
158 2 0 0 0 0 0 0 0 0
159 1 0 0 1 0 0 0 0 0
162 2 1 1 0 0 0 1 0 0
184 1 0 0 0 0 0 0 0 0
185 4 0 0 0 0 0 0 0 0
190 5 0 0 2 0 0 0 0 0
192 4 0 0 1 0 0 1 0 0
193 1 1 1 0 0 0 1 0 0
194 2 0 0 0 0 0 1 0 0
203 7 0 0 6 0 0 0 0 0
204 3 0 0 3 0 0 0 0 0
fn=dl_main
36 2 1 1 2 0 0 0 0 0
37 15 0 0 0 0 0 0 0 0
40 11 0 0 6 0 0 0 0 0
49 26 1 1 7 0 0 0 0 0
53 16 0 0 4 1 0 0 0 0
95 8 0 0 4 0 0 0 0 0
100 1 0 0 0 0 0 0 0 0
101 1 0 0 0 0 0 1 0 0
102 1 0 0 0 0 0 0 0 0
104 12 1 1 1 0 0 2 0 0
107 3 1 1 1 0 0 0 0 0
108 2 0 0 1 0 0 0 0 0
109 2 0 0 1 0 0 0 0 0
113 3 0 0 1 0 0 0 0 0
117 3 1 1 0 0 0 1 0 0
120 3 0 0 1 0 0 0 0 0
121 2 0 0 0 0 0 0 0 0
125 1 0 0 0 0 0 0 0 0
126 3 0 0 0 0 0 0 0 0
130 4 1 1 1 0 0 0 0 0
131 1 0 0 1 0 0 0 0 0
134 2 0 0 0 0 0 0 0 0
137 1 0 0 0 0 0 0 0 0
138 4 1 1 0 0 0 0 0 0
143 4 0 0 0 0 0 0 0 0
149 2 0 0 0 0 0 0 0 0
158 2 0 0 0 0 0 0 0 0
159 1 0 0 1 0 0 0 0 0
162 2 1 1 0 0 0 1 0 0
184 1 0 0 0 0 0 0 0 0
185 4 0 0 0 0 0 0 0 0
190 5 1 1 2 0 0 0 0 0
192 4 1 1 1 0 0 1 0 0
193 1 0 0 0 0 0 1 0 0
194 2 0 0 0 0 0 1 0 0
203 5 0 0 4 0 0 0 0 0
204 2 0 0 2 0 0 0 0 0
fl=./elf/../sysdeps/x86/get-isa-level.h
fn=_dl_hwcaps_subdirs_active
30 2 1 1 0 0 0 0 0 0
31 3 1 1 1 0 0 0 0 0
32 3 0 0 1 0 0 0 0 0
36 3 0 0 0 0 0 0 0 0
39 4 0 0 1 0 0 0 0 0
40 4 1 1 1 0 0 0 0 0
45 4 0 0 0 0 0 0 0 0
48 2 0 0 0 0 0 0 0 0
49 3 0 0 1 0 0 0 0 0
fn=update_active.constprop.0
28 1 0 0 0 0 0 0 0 0
30 2 0 0 0 0 0 0 0 0
31 2 0 0 0 0 0 0 0 0
32 3 1 1 0 0 0 0 0 0
36 3 0 0 0 0 0 0 0 0
38 1 0 0 0 0 0 0 0 0
39 3 1 1 1 0 0 0 0 0
40 4 0 0 1 0 0 0 0 0
45 4 1 1 0 0 0 0 0 0
47 1 0 0 0 0 0 0 0 0
48 2 0 0 0 0 0 0 0 0
49 3 0 0 1 0 0 0 0 0
fl=./elf/../sysdeps/x86_64/dl-hwcaps-subdirs.c
fn=_dl_hwcaps_subdirs_active
38 3 0 0 0 0 0 0 0 0
43 1 0 0 0 0 0 0 0 0
52 1 0 0 1 0 0 0 0 0
fl=./elf/../sysdeps/x86_64/dl-machine.h
fn=_dl_fixup
237 2 0 0 0 0 0 2 0 0
fn=_dl_relocate_object
79 16 1 1 4 0 0 0 0 0
85 4 0 0 3 0 0 0 0 0
89 3 0 0 1 1 1 0 0 0
95 1 0 0 0 0 0 1 0 0
103 3 0 0 1 0 0 0 0 0
123 2 1 1 1 0 0 0 0 0
125 2 0 0 0 0 0 1 0 0
127 5 0 0 1 1 0 0 0 0
270 204 1 1 0 0 0 0 0 0
291 204 0 0 0 0 0 0 0 0
295 204 0 0 0 0 0 0 0 0
302 4285 7 7 1035 84 71 669 2 0
304 749 7 7 291 1 0 0 0 0
307 368 2 2 79 0 0 0 0 0
308 4 1 1 0 0 0 0 0 0
324 2 1 1 0 0 0 0 0 0
334 612 0 0 102 3 3 0 0 0
432 51 1 1 17 0 0 0 0 0
436 68 0 0 17 0 0 0 0 0
441 51 0 0 34 2 2 0 0 0
450 34 0 0 17 0 0 17 6 5
460 172 1 1 87 2 2 85 12 9
484 16 1 1 0 0 0 8 0 0
494 41 0 0 0 0 0 6 0 0
517 4 0 0 4 0 0 0 0 0
518 6 2 2 2 0 0 0 0 0
519 2 0 0 0 0 0 2 0 0
520 4 0 0 2 0 0 2 1 0
524 2 0 0 0 0 0 0 0 0
539 3609 0 0 1203 150 150 0 0 0
540 1203 1 1 0 0 0 1203 224 219
544 2406 0 0 0 0 0 0 0 0
545 2406 0 0 1203 151 151 0 0 0
555 106 0 0 53 0 0 0 0 0
559 28 0 0 0 0 0 0 0 0
562 42 0 0 14 0 0 0 0 0
563 14 0 0 14 7 7 0 0 0
589 78 0 0 78 0 0 0 0 0
590 117 0 0 39 0 0 0 0 0
591 39 0 0 0 0 0 39 0 0
592 39 0 0 0 0 0 39 0 0
fn=_dl_start
61 3 0 0 1 1 1 0 0 0
79 1 0 0 1 0 0 0 0 0
295 18 0 0 0 0 0 0 0 0
304 60 0 0 24 5 5 0 0 0
307 12 1 1 0 0 0 0 0 0
334 40 0 0 0 0 0 0 0 0
424 1 0 0 0 0 0 0 0 0
450 5 1 1 0 0 0 5 1 1
453 5 0 0 0 0 0 0 0 0
544 18 0 0 9 1 1 0 0 0
545 27 0 0 9 1 1 9 1 1
fn=_dl_sysdep_start
223 1 0 0 0 0 0 1 0 0
fl=./elf/../sysdeps/x86_64/dl-runtime.h
fn=_dl_fixup
28 2 1 1 0 0 0 0 0 0
fl=./elf/../sysdeps/x86_64/dl-trampoline.h
fn=_dl_runtime_resolve_xsave
72 2 1 1 0 0 0 2 0 0
75 2 0 0 0 0 0 0 0 0
77 2 0 0 0 0 0 0 0 0
87 2 0 0 2 0 0 0 0 0
93 2 0 0 0 0 0 2 1 1
94 2 0 0 0 0 0 2 0 0
95 2 0 0 0 0 0 2 0 0
96 2 0 0 0 0 0 2 0 0
97 2 0 0 0 0 0 2 0 0
98 2 0 0 0 0 0 2 0 0
99 2 0 0 0 0 0 2 0 0
103 2 0 0 0 0 0 0 0 0
104 2 0 0 0 0 0 0 0 0
107 2 0 0 0 0 0 2 1 0
108 2 1 1 0 0 0 2 0 0
110 2 0 0 0 0 0 2 0 0
111 2 0 0 0 0 0 2 0 0
112 2 0 0 0 0 0 2 0 0
113 2 0 0 0 0 0 2 0 0
114 2 0 0 0 0 0 2 0 0
115 2 0 0 0 0 0 2 0 0
117 2 0 0 2 0 0 66 7 1
124 2 1 1 2 0 0 0 0 0
125 2 0 0 2 0 0 0 0 0
126 2 0 0 0 0 0 2 1 0
127 2 0 0 0 0 0 0 0 0
132 2 0 0 0 0 0 0 0 0
133 2 0 0 0 0 0 0 0 0
134 2 0 0 72 0 0 0 0 0
136 2 0 0 2 0 0 0 0 0
137 2 0 0 2 0 0 0 0 0
138 2 0 0 2 0 0 0 0 0
139 2 0 0 2 0 0 0 0 0
140 2 0 0 2 0 0 0 0 0
141 2 0 0 2 0 0 0 0 0
142 2 0 0 2 0 0 0 0 0
144 2 0 0 0 0 0 0 0 0
146 2 1 1 2 0 0 0 0 0
150 2 0 0 0 0 0 0 0 0
153 2 0 0 0 0 0 0 0 0
fl=./elf/./dl-hwcaps.h
fn=_dl_important_hwcaps
54 7 0 0 1 0 0 4 0 0
56 6 1 1 2 0 0 4 0 0
57 1 0 0 0 0 0 0 0 0
88 5 1 1 2 0 0 3 0 0
89 5 0 0 2 0 0 3 0 0
90 3 0 0 0 0 0 0 0 0
fn=copy_hwcaps
54 2 0 0 0 0 0 2 0 0
56 4 0 0 0 0 0 2 0 0
88 2 0 0 0 0 0 2 0 0
89 2 0 0 0 0 0 2 0 0
90 2 0 0 0 0 0 0 0 0
fl=./elf/./dl-load.h
fn=_dl_map_object_from_fd
90 16 0 0 0 0 0 0 0 0
91 6 0 0 4 0 0 2 0 0
93 16 0 0 8 1 1 0 0 0
94 4 1 1 2 0 0 0 0 0
95 6 0 0 2 0 0 0 0 0
96 4 1 1 1 0 0 0 0 0
98 4 0 0 0 0 0 1 0 0
fl=./elf/./dl-main.h
fn=dl_main
109 5 0 0 4 0 0 1 0 0
fl=./elf/./dl-map-segments.h
fn=_dl_map_object_from_fd
50 4 1 1 2 0 0 0 0 0
56 14 1 1 4 0 0 6 1 1
57 4 0 0 2 0 0 0 0 0
60 6 0 0 2 0 0 0 0 0
63 6 0 0 2 0 0 2 0 0
64 4 0 0 0 0 0 2 0 0
66 4 1 1 2 0 0 0 0 0
80 2 1 1 2 0 0 0 0 0
82 2 0 0 2 0 0 0 0 0
90 40 0 0 8 0 0 0 0 0
92 24 0 0 12 0 0 0 0 0
94 66 1 1 24 0 0 12 0 0
95 6 0 0 6 0 0 0 0 0
104 32 1 1 16 0 0 0 0 0
110 2 0 0 2 0 0 0 0 0
111 4 0 0 2 0 0 0 0 0
112 12 0 0 2 0 0 0 0 0
113 4 0 0 0 0 0 0 0 0
120 4 0 0 0 0 0 0 0 0
123 4 0 0 0 0 0 0 0 0
131 14 1 1 0 0 0 6 0 0
132 6 0 0 4 0 0 0 0 0
137 4 0 0 0 0 0 0 0 0
141 8 2 2 0 0 0 1 0 0
144 2 0 0 0 0 0 0 0 0
149 8 1 1 0 0 0 0 0 0
fl=./elf/./dl-sym-post.h
fn=lookup_malloc_symbol
41 8 0 0 0 0 0 0 0 0
53 12 0 0 4 0 0 0 0 0
60 4 0 0 4 0 0 0 0 0
fl=./elf/./dl-tunable-types.h
fn=do_tunable_update_val
90 10 0 0 0 0 0 0 0 0
fl=./elf/./elf/dl-audit.c
fn=_dl_audit_activity_map
28 7 1 1 0 0 0 6 0 0
29 1 0 0 1 0 0 0 0 0
30 3 0 0 1 0 0 0 0 0
36 8 1 1 7 0 0 0 0 0
fn=_dl_audit_activity_nsid
44 12 1 0 3 0 0 0 0 0
46 9 0 0 3 1 0 0 0 0
50 3 1 1 3 0 0 0 0 0
fn=_dl_audit_objclose
97 16 1 1 8 0 0 0 0 0
fn=_dl_audit_objopen
77 8 1 1 4 0 0 0 0 0
fn=_dl_audit_preinit
118 4 1 1 2 0 0 0 0 0
fl=./elf/./elf/dl-cache.c
fn=_dl_cache_libcmp
370 11 1 1 0 0 0 0 0 0
371 165 0 0 55 0 0 0 0 0
373 162 1 1 0 0 0 0 0 0
375 110 1 1 54 11 11 0 0 0
381 3 0 0 0 0 0 0 0 0
382 3 0 0 0 0 0 0 0 0
383 4 0 0 1 0 0 0 0 0
385 4 0 0 1 0 0 0 0 0
387 2 0 0 0 0 0 0 0 0
393 106 0 0 0 0 0 0 0 0
395 106 0 0 0 0 0 0 0 0
396 30 1 1 10 0 0 0 0 0
399 43 0 0 0 0 0 0 0 0
400 43 0 0 0 0 0 0 0 0
403 3 0 0 2 0 0 0 0 0
fn=_dl_load_cache_lookup
416 5 1 1 0 0 0 2 0 0
418 2 1 1 1 0 0 0 0 0
421 3 0 0 1 0 0 0 0 0
424 6 2 2 0 0 0 2 0 0
432 6 0 0 2 0 0 0 0 0
433 8 1 1 3 1 1 0 0 0
436 7 0 0 0 0 0 0 0 0
437 1 0 0 1 0 0 0 0 0
444 1 1 1 0 0 0 1 0 0
445 2 1 1 0 0 0 1 0 0
495 3 0 0 1 0 0 0 0 0
498 6 1 1 1 0 0 1 0 0
513 2 0 0 1 0 0 0 0 0
517 2 0 0 0 0 0 0 0 0
525 8 1 1 0 0 0 1 0 0
526 3 0 0 0 0 0 1 0 0
527 1 0 0 0 0 0 1 0 0
528 3 0 0 3 0 0 0 0 0
fn=_dl_unload_cache
537 1 0 0 0 0 0 0 0 0
538 4 2 2 1 1 0 0 0 0
540 2 0 0 1 1 0 1 0 0
541 1 0 0 0 0 0 1 0 0
545 1 0 0 0 0 0 1 0 0
547 2 0 0 1 0 0 0 0 0
fn=search_cache
194 20 0 0 0 0 0 0 0 0
206 13 1 1 0 0 0 9 0 0
208 1 0 0 1 0 0 0 0 0
211 7 0 0 1 0 0 3 0 0
213 13 2 2 5 0 0 4 0 0
214 3 0 0 0 0 0 0 0 0
216 3 0 0 1 0 0 0 0 0
228 20 0 0 0 0 0 0 0 0
230 31 0 0 2 0 0 2 0 0
231 21 0 0 11 9 9 0 0 0
235 20 1 1 10 0 0 0 0 0
239 30 0 0 0 0 0 10 0 0
240 20 0 0 0 0 0 0 0 0
248 4 1 1 0 0 0 0 0 0
250 2 0 0 1 0 0 0 0 0
253 2 0 0 0 0 0 0 0 0
255 6 0 0 0 0 0 1 0 0
257 1 0 0 0 0 0 0 0 0
267 2 1 1 0 0 0 0 0 0
277 2 0 0 1 0 0 0 0 0
278 3 0 0 2 0 0 0 0 0
285 2 0 0 1 0 0 0 0 0
294 2 0 0 0 0 0 0 0 0
303 2 0 0 1 0 0 0 0 0
306 2 0 0 1 0 0 0 0 0
308 3 0 0 1 0 0 0 0 0
309 2 1 1 1 0 0 0 0 0
314 6 0 0 0 0 0 0 0 0
315 4 0 0 1 0 0 0 0 0
322 2 0 0 0 0 0 0 0 0
343 2 0 0 1 0 0 1 0 0
345 1 0 0 0 0 0 0 0 0
359 9 0 0 0 0 0 0 0 0
360 5 0 0 0 0 0 0 0 0
362 4 0 0 0 0 0 0 0 0
366 10 1 1 8 0 0 0 0 0
fl=./elf/./elf/dl-call-libc-early-init.c
fn=_dl_call_libc_early_init
27 3 0 0 0 0 0 2 0 0
29 2 0 0 0 0 0 0 0 0
33 7 0 0 0 0 0 1 0 0
37 2 1 1 0 0 0 0 0 0
39 4 0 0 3 0 0 0 0 0
40 2 0 0 0 0 0 0 0 0
41 3 0 0 2 0 0 0 0 0
fl=./elf/./elf/dl-debug.c
fn=_dl_debug_initialize
49 8 1 1 0 0 0 0 0 0
50 4 2 1 4 0 0 0 0 0
54 14 1 1 4 2 1 0 0 0
57 1 0 0 0 0 0 1 0 0
58 6 0 0 3 0 0 1 0 0
59 5 0 0 1 0 0 1 0 0
60 2 0 0 0 0 0 1 0 0
64 1 0 0 1 0 0 0 0 0
fn=_dl_debug_state
74 2 0 0 2 0 0 0 0 0
fl=./elf/./elf/dl-deps.c
fn=_dl_map_object_deps
144 6 0 0 0 0 0 3 0 0
145 2 0 0 0 0 0 2 2 2
146 7 1 1 0 0 0 2 0 0
148 3 0 0 0 0 0 1 0 0
152 9 0 0 2 0 0 3 0 0
159 12 2 2 0 0 0 9 2 2
160 9 0 0 0 0 0 0 0 0
176 8 1 1 0 0 0 0 0 0
177 1 0 0 1 0 0 0 0 0
180 2 0 0 1 0 0 1 0 0
198 2 0 0 1 0 0 1 0 0
199 3 0 0 1 0 0 0 0 0
200 2 2 2 0 0 0 2 0 0
204 10 0 0 7 0 0 0 0 0
206 4 0 0 0 0 0 0 0 0
209 8 0 0 4 0 0 4 0 0
213 16 0 0 4 0 0 4 0 0
214 25 2 2 11 0 0 0 0 0
217 6 0 0 0 0 0 0 0 0
221 6 0 0 2 0 0 2 0 0
224 16 1 1 8 1 0 0 0 0
226 10 1 1 6 0 0 2 0 0
231 4 0 0 2 0 0 2 0 0
232 2 0 0 0 0 0 2 0 0
233 4 1 1 2 0 0 2 0 0
234 4 0 0 2 0 0 2 0 0
237 198 0 0 52 0 0 2 0 0
238 92 1 1 0 0 0 0 0 0
244 18 0 0 4 0 0 2 0 0
246 2 0 0 0 0 0 2 0 0
248 8 1 1 0 0 0 2 0 0
249 4 1 1 2 0 0 0 0 0
258 2 0 0 2 0 0 0 0 0
260 4 0 0 2 0 0 0 0 0
265 6 0 0 0 0 0 0 0 0
268 2 0 0 0 0 0 2 0 0
269 2 0 0 0 0 0 2 0 0
270 2 0 0 0 0 0 2 0 0
271 4 1 1 2 0 0 2 0 0
273 2 0 0 2 0 0 0 0 0
275 10 0 0 2 0 0 4 0 0
279 6 0 0 2 0 0 0 0 0
280 3 0 0 0 0 0 1 0 0
282 132 2 2 0 0 0 0 0 0
298 1 0 0 0 0 0 1 0 0
380 6 1 1 0 0 0 3 0 0
433 12 0 0 4 0 0 0 0 0
435 6 1 1 0 0 0 2 1 1
438 4 0 0 0 0 0 0 0 0
439 4 0 0 0 0 0 0 0 0
445 2 0 0 0 0 0 2 1 1
446 10 0 0 2 0 0 2 0 0
447 10 0 0 0 0 0 2 0 0
450 2 0 0 0 0 0 2 0 0
451 2 0 0 2 0 0 0 0 0
455 16 1 1 8 0 0 0 0 0
457 4 1 1 4 0 0 0 0 0
458 17 1 1 3 0 0 0 0 0
464 6 1 1 2 0 0 0 0 0
465 2 0 0 0 0 0 1 0 0
468 5 0 0 2 0 0 1 0 0
479 3 1 1 1 0 0 0 0 0
481 2 0 0 0 0 0 0 0 0
486 5 0 0 2 0 0 1 0 0
487 1 0 0 0 0 0 1 0 0
488 2 1 1 1 0 0 0 0 0
490 14 0 0 4 0 0 0 0 0
492 12 0 0 4 0 0 0 0 0
497 8 0 0 0 0 0 0 0 0
499 12 0 0 0 0 0 4 1 1
504 4 1 1 4 0 0 0 0 0
507 3 0 0 1 0 0 1 0 0
559 4 0 0 2 0 0 0 0 0
596 3 1 1 1 0 0 0 0 0
597 2 0 0 0 0 0 0 0 0
600 2 1 1 2 0 0 0 0 0
611 5 1 1 0 0 0 1 0 0
616 7 2 2 3 0 0 0 0 0
619 5 0 0 0 0 0 1 0 0
622 1 0 0 0 0 0 1 0 0
624 2 1 1 1 0 0 1 0 0
625 1 0 0 1 0 0 0 0 0
626 2 0 0 0 0 0 0 0 0
633 3 0 0 1 0 0 0 0 0
636 2 0 0 0 0 0 0 0 0
639 8 0 0 7 0 0 0 0 0
fn=openaux
61 4 1 1 0 0 0 2 0 0
64 22 0 0 8 0 0 4 0 0
65 2 0 0 2 0 0 0 0 0
68 2 0 0 2 0 0 0 0 0
69 4 0 0 4 0 0 0 0 0
fl=./elf/./elf/dl-environ.c
fn=_dl_next_ld_env_entry
29 3 1 1 3 0 0 0 0 0
32 214 0 0 71 0 0 0 0 0
34 140 1 1 70 0 0 0 0 0
35 28 0 0 14 0 0 0 0 0
37 2 0 0 0 0 0 0 0 0
40 4 0 0 0 0 0 2 0 0
42 2 0 0 2 0 0 0 0 0
45 68 0 0 0 0 0 0 0 0
49 1 0 0 1 0 0 0 0 0
fl=./elf/./elf/dl-error-skeleton.c
fn=_dl_catch_error
225 9 1 1 0 0 0 3 0 0
227 2 0 0 0 0 0 1 0 0
228 2 1 1 1 0 0 1 0 0
229 2 0 0 1 0 0 1 0 0
230 2 0 0 1 0 0 1 0 0
232 5 0 0 4 0 0 0 0 0
fn=_dl_catch_exception
175 15 1 1 0 0 0 12 2 2
178 6 0 0 0 0 0 0 0 0
180 6 0 0 3 0 0 3 0 0
199 6 0 0 3 0 0 3 0 0
200 6 1 1 0 0 0 3 0 0
203 6 0 0 0 0 0 3 0 0
206 18 0 0 0 0 0 3 2 2
208 9 0 0 6 0 0 3 0 0
209 6 0 0 3 0 0 3 0 0
210 12 1 1 3 0 0 6 0 0
219 12 0 0 6 0 0 0 0 0
fn=_dl_receive_error
238 5 0 0 0 0 0 2 0 0
239 1 1 1 1 0 0 0 0 0
240 1 0 0 1 0 0 0 0 0
243 1 0 0 0 0 0 1 0 0
244 1 0 0 0 0 0 1 0 0
246 1 0 0 0 0 0 1 0 0
248 1 0 0 0 0 0 1 0 0
249 1 0 0 0 0 0 1 0 0
250 4 0 0 3 0 0 0 0 0
fl=./elf/./elf/dl-fini.c
fn=_dl_fini
31 8 1 1 0 0 0 6 0 0
48 7 0 0 0 0 0 1 1 0
51 7 1 1 1 1 0 0 0 0
54 2 1 1 1 1 0 1 0 0
56 1 0 0 1 1 0 0 0 0
59 2 0 0 0 0 0 0 0 0
61 6 0 0 3 1 0 0 0 0
66 1 0 0 0 0 0 1 0 0
68 3 0 0 0 0 0 1 0 0
73 6 1 1 0 0 0 0 0 0
78 16 0 0 5 1 1 0 0 0
80 8 0 0 4 4 1 0 0 0
82 8 0 0 0 0 0 0 0 0
84 8 1 1 0 0 0 4 0 0
85 4 0 0 0 0 0 4 4 1
86 4 0 0 0 0 0 0 0 0
90 4 0 0 4 3 1 0 0 0
92 6 0 0 0 0 0 0 0 0
93 6 1 1 0 0 0 0 0 0
99 9 0 0 0 0 0 2 1 0
109 2 0 0 1 0 0 1 0 0
114 19 2 2 5 0 0 1 0 0
116 4 0 0 4 0 0 0 0 0
118 12 0 0 4 0 0 0 0 0
121 8 0 0 0 0 0 4 0 0
124 12 1 1 4 4 1 0 0 0
125 6 0 0 2 2 1 0 0 0
128 4 0 0 2 1 0 0 0 0
139 8 0 0 4 2 1 2 0 0
140 2 0 0 2 0 0 0 0 0
141 4 0 0 2 0 0 0 0 0
142 20 0 0 4 0 0 0 0 0
143 4 1 1 2 2 1 4 0 0
147 6 0 0 2 2 0 0 0 0
148 6 0 0 4 0 0 2 0 0
154 8 0 0 0 0 0 4 0 0
159 4 0 0 4 0 0 0 0 0
163 5 0 0 1 0 0 1 0 0
169 6 2 2 2 0 0 0 0 0
175 2 0 0 1 0 0 0 0 0
182 8 0 0 7 0 0 0 0 0
fl=./elf/./elf/dl-hwcaps.c
fn=_dl_important_hwcaps
55 12 0 0 0 0 0 3 0 0
57 1 0 0 0 0 0 0 0 0
58 4 0 0 1 0 0 0 0 0
103 6 1 1 0 0 0 4 0 0
105 2 0 0 0 0 0 0 0 0
108 3 1 1 2 0 0 1 0 0
111 1 0 0 0 0 0 0 0 0
115 4 1 1 0 0 0 1 0 0
128 8 1 1 0 0 0 2 0 0
130 7 0 0 3 0 0 2 0 0
131 2 0 0 1 0 0 1 0 0
132 2 0 0 0 0 0 1 0 0
133 1 0 0 0 0 0 0 0 0
136 2 0 0 1 0 0 0 0 0
145 5 1 1 1 0 0 2 0 0
175 13 2 2 0 0 0 10 2 2
176 7 0 0 1 0 0 2 1 1
178 2 1 1 1 0 0 1 0 0
179 4 0 0 1 0 0 1 0 0
187 2 0 0 0 0 0 2 0 0
188 3 0 0 0 0 0 0 0 0
198 3 1 1 1 0 0 1 0 0
199 6 0 0 2 0 0 1 0 0
203 19 2 2 3 0 0 0 0 0
204 6 0 0 0 0 0 0 0 0
205 4 0 0 0 0 0 0 0 0
208 2 0 0 0 0 0 1 0 0
228 10 0 0 1 0 0 3 0 0
230 9 2 2 1 0 0 1 0 0
231 4 1 1 2 0 0 2 1 1
233 1 0 0 0 0 0 1 0 0
234 2 0 0 0 0 0 2 0 0
235 6 0 0 0 0 0 0 0 0
236 2 0 0 1 0 0 0 0 0
238 3 0 0 1 0 0 0 0 0
240 2 1 1 0 0 0 1 0 0
241 2 0 0 1 0 0 1 0 0
242 3 0 0 1 0 0 0 0 0
245 5 0 0 1 0 0 1 0 0
246 1 0 0 0 0 0 1 0 0
249 2 0 0 1 0 0 0 0 0
252 2 0 0 0 0 0 0 0 0
253 3 1 1 3 0 0 0 0 0
256 4 1 1 1 0 0 2 0 0
257 2 0 0 0 0 0 0 0 0
259 4 1 1 1 0 0 0 0 0
260 4 0 0 0 0 0 0 0 0
261 4 0 0 1 0 0 0 0 0
262 2 1 1 0 0 0 0 0 0
269 4 1 1 1 0 0 0 0 0
273 11 1 1 3 0 0 3 1 1
279 2 0 0 0 0 0 0 0 0
280 2 0 0 0 0 0 0 0 0
287 1 0 0 0 0 0 1 0 0
288 4 0 0 1 0 0 1 0 0
289 6 1 1 2 0 0 1 0 0
290 5 0 0 2 0 0 1 0 0
293 2 1 1 1 0 0 1 0 0
294 1 0 0 1 0 0 0 0 0
301 2 0 0 0 0 0 0 0 0
312 2 0 0 1 0 0 1 0 0
325 3 0 0 1 0 0 2 0 0
328 2 1 1 0 0 0 0 0 0
335 2 0 0 2 0 0 0 0 0
338 2 0 0 0 0 0 0 0 0
341 15 0 0 7 0 0 5 0 0
344 12 0 0 2 0 0 1 0 0
345 19 1 1 1 0 0 1 0 0
346 5 0 0 2 0 0 2 0 0
349 12 0 0 4 0 0 4 0 0
351 5 1 1 1 0 0 0 0 0
356 32 0 0 2 0 0 0 0 0
357 8 0 0 0 0 0 8 1 1
361 19 1 1 3 0 0 0 0 0
364 60 0 0 0 0 0 0 0 0
365 72 1 1 0 0 0 0 0 0
366 48 0 0 24 0 0 12 0 0
368 9 0 0 0 0 0 0 0 0
371 3 0 0 1 0 0 0 0 0
372 3 0 0 1 0 0 0 0 0
373 14 1 1 2 0 0 1 0 0
375 6 1 1 0 0 0 0 0 0
376 2 0 0 2 0 0 0 0 0
378 1 0 0 1 0 0 0 0 0
379 7 0 0 0 0 0 2 0 0
386 22 1 1 6 0 0 5 0 0
387 4 0 0 0 0 0 0 0 0
389 8 0 0 0 0 0 0 0 0
392 5 0 0 3 0 0 0 0 0
398 9 0 0 8 0 0 0 0 0
fn=copy_hwcaps
77 10 1 1 0 0 0 6 0 0
80 12 0 0 0 0 0 3 0 0
82 3 1 1 2 0 0 1 1 1
83 9 0 0 2 0 0 4 1 1
87 1 0 0 0 0 0 1 0 0
88 1 0 0 1 0 0 0 0 0
89 3 0 0 1 0 0 1 0 0
90 2 0 0 0 0 0 1 0 0
91 2 0 0 0 0 0 1 0 0
93 10 0 0 8 0 0 0 0 0
fl=./elf/./elf/dl-hwcaps_split.c
fn=_dl_hwcaps_contains
67 6 0 0 0 0 0 0 0 0
68 3 1 1 0 0 0 0 0 0
77 3 0 0 3 0 0 0 0 0
fn=_dl_hwcaps_split
25 45 1 1 0 0 0 30 0 0
26 45 0 0 15 0 0 0 0 0
27 6 0 0 0 0 0 0 0 0
30 36 0 0 12 0 0 12 0 0
34 72 0 0 18 1 1 0 0 0
35 12 0 0 0 0 0 6 0 0
36 24 0 0 0 0 0 0 0 0
41 27 0 0 0 0 0 9 0 0
42 18 0 0 0 0 0 0 0 0
43 9 1 1 0 0 0 6 0 0
45 12 0 0 0 0 0 6 0 0
46 9 0 0 0 0 0 0 0 0
47 60 1 1 45 0 0 0 0 0
fn=_dl_hwcaps_split_masked
51 24 1 1 0 0 0 8 0 0
54 56 0 0 0 0 0 14 0 0
56 9 0 0 9 0 0 0 0 0
57 27 0 0 0 0 0 9 0 0
58 36 0 0 9 0 0 3 0 0
62 16 0 0 16 0 0 0 0 0
fl=./elf/./elf/dl-init.c
fn=_dl_init
77 11 1 1 0 0 0 6 0 0
78 1 0 0 1 1 0 0 0 0
79 1 0 0 1 0 0 0 0 0
82 3 0 0 1 0 0 0 0 0
84 1 1 1 0 0 0 1 0 0
85 2 0 0 0 0 0 1 0 0
90 2 0 0 0 0 0 0 0 0
115 1 1 1 1 0 0 0 0 0
116 17 0 0 0 0 0 0 0 0
117 24 0 0 8 0 0 4 0 0
123 8 1 1 7 0 0 0 0 0
fn=call_init
27 45 1 1 0 0 0 25 0 0
31 20 0 0 10 0 0 0 0 0
33 15 1 1 5 0 0 0 0 0
39 8 0 0 0 0 0 4 0 0
42 12 0 0 8 2 0 0 0 0
43 2 0 0 0 0 0 0 0 0
47 6 0 0 3 0 0 0 0 0
55 9 0 0 3 1 0 0 0 0
56 6 1 1 2 0 0 1 0 0
59 3 0 0 3 0 0 0 0 0
60 6 0 0 0 0 0 0 0 0
66 6 0 0 4 2 0 0 0 0
68 4 0 0 4 0 0 0 0 0
69 22 0 0 0 0 0 0 0 0
70 12 1 1 3 0 0 3 0 0
72 30 0 0 30 0 0 0 0 0
fl=./elf/./elf/dl-load.c
fn=_dl_dst_count
237 20 1 1 0 0 0 20 1 1
240 8 1 1 0 0 0 4 0 0
243 8 0 0 0 0 0 0 0 0
244 4 0 0 0 0 0 0 0 0
263 28 0 0 24 0 0 0 0 0
fn=_dl_init_paths
705 12 1 1 0 0 0 8 0 0
719 4 1 1 0 0 0 2 1 1
724 1 0 0 0 0 0 1 0 0
726 2 0 0 0 0 0 0 0 0
733 5 1 1 0 0 0 0 0 0
734 2 0 0 1 0 0 0 0 0
738 4 0 0 0 0 0 1 0 0
740 4 0 0 2 0 0 0 0 0
746 1 0 0 0 0 0 1 0 0
747 1 0 0 0 0 0 1 0 0
755 8 0 0 0 0 0 4 0 0
757 8 0 0 0 0 0 4 2 2
758 4 0 0 0 0 0 4 1 1
760 5 1 1 0 0 0 4 0 0
761 7 0 0 3 1 1 4 1 1
762 7 1 1 0 0 0 0 0 0
765 9 0 0 3 1 1 0 0 0
766 10 1 1 5 0 0 1 0 0
767 18 0 0 0 0 0 4 0 0
769 26 1 1 6 0 0 6 0 0
775 1 0 0 0 0 0 1 1 1
776 1 1 1 0 0 0 1 0 0
781 1 0 0 1 0 0 0 0 0
784 3 0 0 0 0 0 0 0 0
786 4 0 0 1 0 0 0 0 0
788 3 0 0 1 0 0 0 0 0
805 1 0 0 0 0 0 1 0 0
807 3 1 1 1 0 0 0 0 0
821 2 1 1 0 0 0 1 0 0
824 5 1 1 2 0 0 0 0 0
826 12 1 1 0 0 0 2 0 0
830 2 0 0 0 0 0 0 0 0
831 60 1 1 15 0 0 0 0 0
832 14 0 0 0 0 0 0 0 0
833 28 0 0 0 0 0 0 0 0
835 1 0 0 0 0 0 1 0 0
836 1 0 0 0 0 0 0 0 0
837 2 0 0 0 0 0 0 0 0
843 6 0 0 1 0 0 1 0 0
846 3 0 0 2 0 0 0 0 0
852 1 0 0 0 0 0 1 0 0
856 8 0 0 7 0 0 0 0 0
fn=_dl_map_object
2014 27 2 2 0 0 0 24 6 6
2016 2 0 0 0 0 0 2 0 0
2022 6 0 0 0 0 0 0 0 0
2023 12 0 0 3 1 1 0 0 0
2026 48 1 1 9 0 0 3 0 0
2031 49 0 0 7 0 0 0 0 0
2033 35 1 1 0 0 0 7 0 0
2037 12 0 0 6 0 0 0 0 0
2038 18 0 0 6 0 0 0 0 0
2041 10 0 0 6 0 0 0 0 0
2042 6 0 0 2 0 0 0 0 0
2043 10 1 1 0 0 0 2 0 0
2057 14 0 0 4 0 0 2 0 0
2058 6 1 1 0 0 0 2 0 0
2066 6 0 0 2 0 0 0 0 0
2081 2 0 0 0 0 0 2 2 2
2083 10 1 1 0 0 0 2 0 0
2087 4 1 1 0 0 0 2 0 0
2089 2 0 0 1 0 0 0 0 0
2096 4 1 1 1 0 0 0 0 0
2100 2 1 1 1 0 0 1 0 0
2101 1 0 0 0 0 0 1 0 0
2105 3 0 0 1 0 0 0 0 0
2106 8 1 1 0 0 0 1 0 0
2108 5 1 1 0 0 0 2 0 0
2120 3 2 2 2 0 0 0 0 0
2121 8 0 0 3 0 0 1 0 0
2122 10 1 1 0 0 0 2 0 0
2131 3 1 1 1 0 0 0 0 0
2132 14 2 2 1 0 0 4 0 0
2138 5 0 0 1 0 0 0 0 0
2139 8 1 1 0 0 0 1 0 0
2147 1 0 0 0 0 0 1 0 0
2161 2 0 0 0 0 0 0 0 0
2163 3 0 0 1 0 0 0 0 0
2167 3 1 1 0 0 0 1 0 0
2169 2 0 0 0 0 0 0 0 0
2173 2 0 0 0 0 0 0 0 0
2181 3 0 0 1 0 0 0 0 0
2204 8 1 1 0 0 0 2 0 0
2208 3 0 0 1 0 0 0 0 0
2209 2 0 0 0 0 0 1 0 0
2226 2 0 0 1 0 0 0 0 0
2232 1 0 0 0 0 0 1 0 0
2233 4 0 0 0 0 0 1 0 0
2234 2 0 0 0 0 0 0 0 0
2235 3 1 1 0 0 0 0 0 0
2239 7 0 0 0 0 0 1 0 0
2242 2 0 0 0 0 0 0 0 0
2254 8 0 0 2 0 0 0 0 0
2256 4 1 1 0 0 0 0 0 0
2300 4 0 0 2 0 0 2 0 0
2301 30 1 1 6 0 0 10 0 0
2303 29 0 0 23 0 0 0 0 0
fn=_dl_map_object_from_fd
943 28 1 1 0 0 0 20 2 2
953 8 0 0 2 0 0 4 1 1
960 8 1 1 2 0 0 2 0 0
998 29 1 1 9 0 0 0 0 0
999 10 0 0 5 0 0 0 0 0
1017 4 1 1 2 0 0 0 0 0
1041 8 0 0 2 0 0 2 0 0
1051 4 0 0 2 0 0 0 0 0
1058 16 1 1 10 0 0 2 0 0
1059 4 0 0 0 0 0 0 0 0
1070 4 0 0 2 0 0 2 0 0
1071 8 1 1 4 0 0 4 0 0
1072 4 0 0 2 0 0 2 0 0
1074 6 0 0 0 0 0 0 0 0
1075 8 0 0 4 0 0 0 0 0
1076 2 0 0 0 0 0 1 0 0
1079 6 1 1 0 0 0 1 0 0
1080 6 0 0 1 0 0 1 1 1
1091 2 0 0 0 0 0 2 0 0
1093 2 0 0 0 0 0 2 0 0
1095 22 2 2 2 0 0 4 0 0
1096 2 0 0 0 0 0 0 0 0
1097 2 0 0 0 0 0 2 0 0
1098 2 0 0 0 0 0 2 0 0
1104 83 1 1 2 0 0 0 0 0
1105 195 2 2 23 1 1 0 0 0
1111 4 0 0 2 0 0 0 0 0
1118 5 1 1 3 0 0 2 0 0
1119 6 0 0 2 0 0 2 0 0
1120 20 1 1 4 0 0 2 0 0
1125 2 0 0 1 0 0 1 0 0
1126 1 0 0 0 0 0 0 0 0
1131 28 0 0 10 0 0 0 0 0
1136 56 1 1 16 0 0 0 0 0
1144 16 0 0 0 0 0 0 0 0
1145 26 0 0 0 0 0 8 1 1
1146 56 0 0 8 0 0 8 0 0
1147 8 0 0 0 0 0 8 1 1
1148 16 0 0 8 0 0 8 0 0
1149 24 0 0 0 0 0 8 1 1
1153 16 1 1 0 0 0 0 0 0
1154 30 0 0 12 0 0 6 0 0
1158 16 0 0 0 0 0 0 0 0
1159 68 1 1 8 0 0 10 0 0
1169 8 0 0 0 0 0 0 0 0
1172 3 0 0 1 0 0 0 0 0
1176 1 0 0 0 0 0 1 1 1
1177 2 0 0 1 0 0 1 0 0
1181 5 0 0 0 0 0 1 0 0
1182 2 0 0 1 0 0 1 0 0
1185 1 0 0 0 0 0 1 0 0
1190 4 0 0 1 0 0 0 0 0
1191 4 1 1 2 0 0 2 0 0
1197 8 0 0 2 0 0 2 0 0
1205 4 0 0 2 0 0 2 0 0
1206 2 0 0 0 0 0 0 0 0
1209 4 0 0 2 0 0 2 0 0
1210 4 0 0 2 0 0 2 0 0
1214 6 0 0 2 0 0 0 0 0
1227 4 1 1 0 0 0 0 0 0
1237 8 0 0 4 0 0 0 0 0
1244 18 0 0 8 0 0 2 0 0
1260 8 2 2 4 0 0 0 0 0
1261 6 0 0 2 0 0 2 0 0
1267 6 1 1 1 0 0 0 0 0
1268 4 1 1 0 0 0 0 0 0
1270 10 0 0 2 0 0 0 0 0
1280 6 1 1 2 0 0 0 0 0
1299 4 0 0 2 0 0 2 0 0
1301 10 0 0 4 0 0 0 0 0
1353 6 1 1 2 1 1 0 0 0
1354 2 0 0 1 0 0 1 0 0
1360 60 0 0 27 0 0 0 0 0
1361 109 1 1 23 20 20 0 0 0
1367 27 0 0 1 0 0 1 0 0
1372 8 1 1 2 0 0 2 0 0
1385 4 0 0 2 0 0 0 0 0
1387 8 0 0 4 0 0 2 0 0
1389 4 0 0 2 0 0 0 0 0
1405 4 1 1 0 0 0 2 0 0
1409 4 0 0 2 0 0 0 0 0
1410 4 0 0 2 0 0 0 0 0
1427 4 1 1 2 0 0 0 0 0
1428 2 0 0 0 0 0 1 0 0
1431 4 0 0 2 0 0 2 0 0
1436 4 1 1 2 0 0 0 0 0
1446 4 0 0 2 0 0 0 0 0
1453 14 1 1 6 1 1 0 0 0
1454 6 1 1 2 0 0 0 0 0
1455 9 1 1 3 0 0 1 0 0
1456 3 0 0 1 0 0 0 0 0
1457 6 0 0 2 0 0 1 0 0
1463 4 0 0 2 0 0 0 0 0
1464 4 0 0 1 0 0 0 0 0
1469 2 0 0 0 0 0 1 0 0
1476 6 0 0 2 0 0 2 0 0
1479 8 1 1 4 0 0 0 0 0
1498 4 0 0 0 0 0 0 0 0
1502 14 0 0 6 0 0 0 0 0
1503 8 1 1 2 0 0 2 0 0
1507 18 0 0 14 0 0 0 0 0
fn=_dl_process_pt_gnu_property
867 2 0 0 0 0 0 0 0 0
868 4 0 0 4 0 0 0 0 0
869 2 0 0 2 0 0 0 0 0
875 4 1 1 2 0 0 0 0 0
881 10 0 0 0 0 0 0 0 0
884 6 1 1 2 1 1 0 0 0
885 4 0 0 2 1 1 0 0 0
886 4 0 0 2 0 0 0 0 0
929 2 0 0 2 0 0 0 0 0
fn=cache_rpath
680 6 0 0 0 0 0 0 0 0
681 9 1 1 3 0 0 0 0 0
682 3 1 1 0 0 0 0 0 0
698 6 0 0 3 0 0 0 0 0
fn=expand_dynamic_string_token
384 14 2 2 0 0 0 8 0 0
394 4 0 0 0 0 0 2 1 1
397 4 0 0 0 0 0 0 0 0
398 4 0 0 0 0 0 0 0 0
409 10 0 0 8 0 0 0 0 0
fn=fillin_rpath.isra.0
467 15 1 1 0 0 0 11 0 0
471 1 0 0 0 0 0 0 0 0
473 12 1 1 2 0 0 2 0 0
480 2 0 0 1 0 0 0 0 0
482 4 0 0 1 0 0 1 0 0
486 2 0 0 0 0 0 0 0 0
491 3 0 0 0 0 0 1 0 0
492 2 0 0 0 0 0 0 0 0
499 5 1 1 1 0 0 0 0 0
504 4 1 1 0 0 0 2 0 0
508 15 1 1 5 0 0 0 0 0
509 8 0 0 4 0 0 0 0 0
527 3 1 1 1 0 0 0 0 0
531 3 0 0 1 0 0 0 0 0
533 2 0 0 0 0 0 0 0 0
537 2 0 0 0 0 0 2 1 1
538 2 0 0 1 0 0 0 0 0
539 4 0 0 0 0 0 2 0 0
540 2 0 0 1 0 0 1 0 0
542 2 1 1 1 0 0 0 0 0
548 4 0 0 1 0 0 0 0 0
549 32 0 0 1 0 0 0 0 0
550 9 0 0 0 0 0 9 0 0
552 2 1 1 1 0 0 1 0 0
553 3 0 0 1 0 0 0 0 0
554 1 0 0 0 0 0 1 0 0
560 2 0 0 1 0 0 1 0 0
561 1 0 0 0 0 0 1 0 0
564 3 0 0 0 0 0 1 0 0
570 1 0 0 0 0 0 1 0 0
573 10 0 0 7 0 0 0 0 0
fn=open_path
1862 15 2 2 1 0 0 12 3 3
1863 2 0 0 1 0 0 1 0 0
1866 1 0 0 0 0 0 1 0 0
1867 1 0 0 0 0 0 1 0 0
1869 2 0 0 0 0 0 0 0 0
1874 9 1 1 3 0 0 0 0 0
1877 2 0 0 2 0 0 0 0 0
1881 1 0 0 0 0 0 1 0 0
1886 6 0 0 1 0 0 1 0 0
1893 5 1 1 2 0 0 1 1 1
1894 46 1 1 10 0 0 0 0 0
1897 18 0 0 9 0 0 0 0 0
1902 108 1 1 45 0 0 18 0 0
1905 18 0 0 0 0 0 9 0 0
1911 27 0 0 9 0 0 0 0 0
1914 72 1 1 27 0 0 9 0 0
1916 27 0 0 9 0 0 0 0 0
1918 18 0 0 0 0 0 0 0 0
1923 18 1 1 0 0 0 0 0 0
1924 63 0 0 27 0 0 0 0 0
1930 27 1 1 18 0 0 9 0 0
1932 54 1 1 9 0 0 9 0 0
1933 2 0 0 1 1 1 0 0 0
1935 35 1 1 1 0 0 10 0 0
1944 3 0 0 1 0 0 1 0 0
1952 3 1 1 0 0 0 1 0 0
1980 2 0 0 0 0 0 0 0 0
1983 8 1 1 2 0 0 0 0 0
1988 2 0 0 2 0 0 0 0 0
1990 5 0 0 3 0 0 0 0 0
1993 3 0 0 1 0 0 0 0 0
2007 9 1 1 7 0 0 0 0 0
fn=open_verify.constprop.0
1560 132 1 1 0 0 0 77 1 1
1599 33 0 0 11 0 0 0 0 0
1604 18 1 1 0 0 0 0 0 0
1618 55 1 1 0 0 0 11 1 1
1620 22 0 0 0 0 0 0 0 0
1625 2 0 0 0 0 0 0 0 0
1631 2 0 0 0 0 0 2 0 0
1632 2 0 0 0 0 0 2 0 0
1637 20 1 1 2 0 0 4 0 0
1639 4 0 0 0 0 0 0 0 0
1641 4 0 0 2 0 0 2 0 0
1643 4 0 0 0 0 0 0 0 0
1649 4 0 0 0 0 0 0 0 0
1666 31 3 3 11 0 0 0 0 0
1740 4 0 0 2 0 0 0 0 0
1745 4 0 0 2 0 0 0 0 0
1747 8 0 0 2 0 0 0 0 0
1753 4 1 1 2 2 2 0 0 0
1759 8 0 0 2 0 0 0 0 0
1760 8 0 0 2 0 0 0 0 0
1761 2 0 0 1 0 0 0 0 0
1764 5 1 1 0 0 0 0 0 0
1765 9 0 0 1 0 0 2 1 1
1781 115 0 0 1 0 0 0 0 0
1782 45 1 1 21 11 11 0 0 0
1783 12 0 0 3 0 0 0 0 0
1787 12 0 0 6 0 0 0 0 0
1788 7 1 1 3 0 0 0 0 0
1793 4 1 1 0 0 0 0 0 0
1794 10 0 0 0 0 0 0 0 0
1804 24 0 0 4 0 0 6 2 2
1812 36 2 2 8 1 1 2 0 0
1814 3 0 0 0 0 0 0 0 0
1815 27 1 1 9 0 0 0 0 0
1818 9 1 1 0 0 0 0 0 0
1823 1 0 0 0 0 0 0 0 0
1824 2 0 0 0 0 0 0 0 0
1827 2 0 0 0 0 0 0 0 0
1830 3 0 0 1 0 0 0 0 0
1831 5 0 0 1 0 0 0 0 0
1832 2 0 0 1 0 0 0 0 0
1833 3 1 1 1 0 0 0 0 0
1834 3 0 0 1 0 0 0 0 0
1848 99 0 0 77 0 0 0 0 0
fl=./elf/./elf/dl-lookup-direct.c
fn=_dl_lookup_direct
74 33 2 2 0 0 0 18 0 0
75 3 0 0 3 0 0 0 0 0
76 6 0 0 0 0 0 0 0 0
78 21 0 0 9 1 1 0 0 0
79 6 0 0 0 0 0 0 0 0
81 12 1 1 3 0 0 3 0 0
84 25 0 0 5 2 2 0 0 0
86 9 0 0 3 0 0 0 0 0
87 21 0 0 0 0 0 6 0 0
90 9 1 1 3 0 0 0 0 0
93 6 0 0 0 0 0 0 0 0
115 3 0 0 0 0 0 0 0 0
116 27 0 0 21 0 0 0 0 0
fn=check_match
31 27 1 1 0 0 0 15 0 0
32 12 1 1 9 0 0 0 0 0
33 9 0 0 0 0 0 0 0 0
35 6 0 0 3 3 3 0 0 0
36 6 0 0 3 1 1 0 0 0
40 9 0 0 0 0 0 0 0 0
48 9 0 0 3 0 0 3 0 0
51 6 0 0 6 0 0 0 0 0
53 15 1 1 3 0 0 3 0 0
57 6 0 0 6 1 1 0 0 0
58 18 0 0 6 0 0 0 0 0
59 9 0 0 3 0 0 3 0 0
64 21 0 0 18 0 0 0 0 0
fl=./elf/./elf/dl-lookup.c
fn=_dl_lookup_symbol_x
575 89 0 0 0 0 0 0 0 0
576 5516 0 0 1379 80 80 0 0 0
577 5160 1 1 0 0 0 0 0 0
578 89 0 0 0 0 0 0 0 0
835 1157 1 1 0 0 0 890 6 0
837 178 0 0 0 0 0 89 0 0
838 178 1 1 0 0 0 178 0 0
841 89 0 0 89 1 0 0 0 0
845 338 0 0 169 0 0 0 0 0
847 534 1 1 178 0 0 89 0 0
848 178 0 0 89 0 0 0 0 0
850 178 0 0 178 2 0 0 0 0
854 213 0 0 7 0 0 0 0 0
855 1513 1 1 534 0 0 623 2 1
860 267 0 0 89 0 0 0 0 0
862 42 1 1 7 0 0 0 0 0
879 89 0 0 0 0 0 89 0 0
880 21 1 1 0 0 0 0 0 0
883 178 0 0 89 0 0 0 0 0
884 558 1 1 78 0 0 0 0 0
891 82 0 0 82 0 0 0 0 0
924 328 0 0 82 0 0 0 0 0
938 246 0 0 82 1 0 0 0 0
939 2 1 1 0 0 0 1 0 0
941 246 1 1 82 0 0 0 0 0
948 801 0 0 623 0 0 0 0 0
1048 164 0 0 82 0 0 0 0 0
fn=_dl_setup_hash
955 4 0 0 0 0 0 0 0 0
958 12 1 1 4 0 0 0 0 0
961 12 0 0 8 0 0 0 0 0
962 8 0 0 4 4 4 4 0 0
963 4 0 0 4 0 0 0 0 0
964 4 0 0 4 1 1 0 0 0
966 12 1 1 0 0 0 0 0 0
967 4 0 0 0 0 0 4 0 0
968 12 0 0 4 0 0 4 0 0
970 4 0 0 0 0 0 4 0 0
971 8 0 0 0 0 0 0 0 0
973 4 0 0 0 0 0 4 0 0
975 12 0 0 0 0 0 4 0 0
980 4 0 0 4 0 0 0 0 0
fn=check_match
69 1092 1 1 168 0 0 420 0 0
72 588 1 1 168 28 24 0 0 0
77 82 0 0 0 0 0 0 0 0
85 410 0 0 0 0 0 0 0 0
88 284 0 0 40 0 0 20 0 0
92 82 1 1 82 2 0 0 0 0
93 164 0 0 0 0 0 0 0 0
95 160 0 0 0 0 0 0 0 0
114 160 0 0 160 8 6 0 0 0
115 640 1 1 240 3 0 0 0 0
116 400 1 1 160 1 0 80 1 1
143 4 0 0 0 0 0 0 0 0
145 12 0 0 4 2 2 0 0 0
146 8 0 0 0 0 0 0 0 0
154 4 0 0 0 0 0 0 0 0
161 504 1 1 504 0 0 0 0 0
fn=do_lookup_x
170 35 1 1 20 0 0 0 0 0
362 1246 2 2 267 0 0 890 5 2
363 89 0 0 89 1 0 0 0 0
369 89 0 0 89 0 0 0 0 0
373 566 1 1 566 6 0 0 0 0
376 566 0 0 0 0 0 0 0 0
380 1132 0 0 0 0 0 283 1 0
384 566 0 0 283 3 0 0 0 0
388 566 0 0 283 1 0 0 0 0
394 849 0 0 283 0 0 0 0 0
398 283 1 1 0 0 0 283 0 0
399 283 0 0 0 0 0 283 0 0
402 1415 0 0 849 6 0 0 0 0
403 849 0 0 566 2 0 283 0 0
406 283 0 0 283 0 0 0 0 0
407 566 0 0 0 0 0 0 0 0
409 283 0 0 283 37 30 0 0 0
410 623 0 0 0 0 0 267 0 0
411 566 0 0 566 0 0 0 0 0
414 1415 1 1 566 0 0 0 0 0
417 1981 0 0 0 0 0 0 0 0
420 174 1 1 174 52 48 0 0 0
421 348 1 1 0 0 0 0 0 0
422 174 0 0 0 0 0 0 0 0
424 957 1 1 174 0 0 348 0 0
427 1030 0 0 206 70 68 0 0 0
429 252 0 0 84 0 0 0 0 0
430 1176 0 0 420 0 0 504 2 1
431 168 1 1 0 0 0 0 0 0
434 252 0 0 0 0 0 0 0 0
437 376 0 0 2 0 0 0 0 0
451 656 2 2 328 0 0 0 0 0
468 10 1 1 5 0 0 0 0 0
476 164 1 1 82 0 0 0 0 0
527 164 0 0 0 0 0 0 0 0
530 640 0 0 82 0 0 0 0 0
534 12 2 2 4 1 0 0 0 0
546 164 0 0 82 0 0 82 0 0
547 82 0 0 0 0 0 82 0 0
548 164 0 0 0 0 0 0 0 0
565 603 0 0 0 0 0 0 0 0
568 7 0 0 0 0 0 0 0 0
569 712 1 1 623 0 0 0 0 0
fl=./elf/./elf/dl-minimal.c
fn=__rtld_malloc_init_real
89 7 1 1 0 0 0 5 0 0
99 2 1 1 0 0 0 1 0 0
100 2 0 0 0 0 0 1 0 0
102 1 0 0 0 0 0 1 0 0
104 6 0 0 0 0 0 1 0 0
105 5 1 1 0 0 0 1 0 0
106 5 0 0 0 0 0 1 0 0
107 4 0 0 0 0 0 1 0 0
112 1 0 0 0 0 0 1 0 0
113 1 1 1 0 0 0 1 0 0
114 1 0 0 0 0 0 1 0 0
115 1 0 0 0 0 0 1 0 0
116 7 0 0 6 0 0 0 0 0
fn=__rtld_malloc_init_stubs
56 2 1 1 0 0 0 1 1 1
57 2 1 1 0 0 0 1 0 0
58 2 0 0 0 0 0 1 0 0
59 2 0 0 0 0 0 1 0 0
60 1 0 0 1 0 0 0 0 0
fn=lookup_malloc_symbol
74 28 1 1 0 0 0 12 0 0
76 4 0 0 0 0 0 4 0 0
77 28 1 1 4 0 0 12 0 0
81 28 0 0 16 0 0 0 0 0
82 28 0 0 12 0 0 0 0 0
84 4 1 1 0 0 0 4 0 0
85 20 0 0 16 0 0 0 0 0
fn=rtld_calloc
171 32 0 0 0 0 0 0 0 0
175 8 1 1 0 0 0 0 0 0
178 8 0 0 0 0 0 0 0 0
179 24 0 0 0 0 0 0 0 0
fn=rtld_free
190 12 1 1 6 0 0 0 0 0
fn=rtld_malloc
128 92 1 1 0 0 0 46 1 1
129 69 0 0 23 1 1 0 0 0
134 3 0 0 0 0 0 1 0 0
135 2 1 1 1 0 0 0 0 0
136 2 0 0 0 0 0 0 0 0
140 92 1 1 23 1 1 23 0 0
143 153 0 0 0 0 0 0 0 0
148 8 1 1 2 0 0 0 0 0
149 8 0 0 0 0 0 0 0 0
151 2 0 0 0 0 0 0 0 0
152 16 0 0 0 0 0 2 0 0
154 4 0 0 0 0 0 0 0 0
156 4 0 0 2 0 0 0 0 0
158 6 0 0 0 0 0 2 0 0
161 23 0 0 0 0 0 23 0 0
162 25 0 0 0 0 0 23 0 0
164 92 0 0 69 0 0 0 0 0
fn=strsep
348 6 1 1 2 1 1 0 0 0
350 2 0 0 2 0 0 0 0 0
351 4 0 0 0 0 0 0 0 0
355 91 2 2 15 0 0 0 0 0
360 56 0 0 0 0 0 0 0 0
362 112 0 0 28 0 0 0 0 0
370 14 0 0 0 0 0 0 0 0
373 1 0 0 0 0 0 1 0 0
377 4 0 0 2 0 0 0 0 0
fl=./elf/./elf/dl-misc.c
fn=_dl_name_match_p
340 70 1 1 0 0 0 28 0 0
341 56 0 0 14 0 0 14 0 0
342 3 0 0 0 0 0 0 0 0
344 14 0 0 14 0 0 0 0 0
346 58 0 0 0 0 0 0 0 0
347 90 1 1 18 0 0 18 0 0
352 15 0 0 15 0 0 0 0 0
354 11 0 0 0 0 0 0 0 0
355 56 0 0 42 0 0 0 0 0
fn=_dl_sysdep_read_whole_file
44 8 2 2 0 0 0 4 0 0
47 3 0 0 0 0 0 1 0 0
48 2 0 0 0 0 0 0 0 0
50 6 0 0 0 0 0 1 0 0
52 2 1 1 1 0 0 1 1 1
55 2 0 0 0 0 0 0 0 0
57 8 0 0 0 0 0 1 0 0
68 3 0 0 0 0 0 1 0 0
71 7 0 0 5 0 0 0 0 0
fl=./elf/./elf/dl-object.c
fn=_dl_add_to_namespace_list
31 15 2 2 0 0 0 9 1 1
33 9 0 0 3 0 0 3 0 0
35 23 0 0 3 0 0 0 0 0
38 20 0 0 5 0 0 0 0 0
40 2 0 0 0 0 0 2 0 0
42 2 0 0 0 0 0 2 0 0
45 2 0 0 0 0 0 1 0 0
46 9 1 1 3 0 0 0 0 0
47 6 0 0 3 1 1 3 0 0
48 6 0 0 0 0 0 3 0 0
50 6 0 0 3 0 0 0 0 0
51 9 0 0 9 0 0 0 0 0
fn=_dl_new_object
59 39 1 1 0 0 0 24 3 3
62 6 0 0 0 0 0 0 0 0
64 2 1 1 0 0 0 0 0 0
66 3 1 1 1 0 0 0 0 0
67 2 0 0 0 0 0 0 0 0
71 2 1 1 0 0 0 0 0 0
77 5 0 0 0 0 0 1 0 0
80 4 0 0 2 0 0 2 0 0
83 8 0 0 0 0 0 2 1 1
87 4 0 0 0 0 0 0 0 0
92 5 1 1 0 0 0 3 0 0
95 6 0 0 0 0 0 0 0 0
98 3 0 0 0 0 0 3 2 2
99 3 0 0 0 0 0 3 3 3
100 6 0 0 3 0 0 0 0 0
103 6 0 0 0 0 0 3 1 1
104 21 1 1 6 0 0 9 1 1
106 3 0 0 0 0 0 3 0 0
119 10 0 0 5 0 0 0 0 0
125 1 0 0 0 0 0 0 0 0
127 21 1 1 6 3 3 6 0 0
130 6 0 0 3 0 0 0 0 0
131 8 1 1 0 0 0 3 3 3
132 3 0 0 0 0 0 3 0 0
136 3 0 0 0 0 0 3 0 0
139 82 1 1 4 0 0 0 0 0
141 16 0 0 0 0 0 16 4 4
149 6 0 0 0 0 0 3 0 0
150 3 0 0 0 0 0 3 3 3
153 1 1 1 0 0 0 0 0 0
155 18 1 1 3 0 0 0 0 0
157 8 0 0 0 0 0 2 0 0
160 8 0 0 0 0 0 0 0 0
164 8 0 0 2 0 0 0 0 0
168 12 0 0 2 0 0 0 0 0
176 2 1 1 0 0 0 1 1 1
179 6 0 0 0 0 0 3 1 1
189 9 0 0 3 0 0 0 0 0
191 10 0 0 0 0 0 6 0 0
195 6 0 0 0 0 0 0 0 0
200 8 0 0 0 0 0 0 0 0
208 2 0 0 0 0 0 0 0 0
212 2 1 1 0 0 0 0 0 0
245 8 1 1 2 0 0 2 0 0
250 84 0 0 0 0 0 0 0 0
251 84 0 0 42 0 0 0 0 0
253 4 0 0 0 0 0 0 0 0
256 2 0 0 0 0 0 2 0 0
259 2 0 0 0 0 0 2 2 2
263 27 0 0 21 0 0 0 0 0
fl=./elf/./elf/dl-reloc.c
fn=_dl_protect_relro
342 8 0 0 0 0 0 4 0 0
343 24 1 1 12 0 0 0 0 0
346 8 1 1 4 0 0 0 0 0
350 8 0 0 0 0 0 0 0 0
351 20 0 0 0 0 0 4 0 0
357 8 0 0 8 0 0 0 0 0
fn=_dl_relocate_object
194 48 1 1 0 0 0 32 0 0
204 8 0 0 0 0 0 0 0 0
205 20 0 0 0 0 0 4 0 0
208 8 1 1 0 0 0 4 0 0
210 12 0 0 0 0 0 0 0 0
212 4 0 0 4 0 0 0 0 0
213 12 0 0 4 1 0 0 0 0
232 8 1 1 4 0 0 0 0 0
238 20 1 1 8 0 0 0 0 0
239 8 1 1 4 3 0 0 0 0
242 8 0 0 0 0 0 0 0 0
249 16 0 0 4 1 0 4 0 0
288 193 7 7 102 15 0 23 0 0
291 24 0 0 8 0 0 0 0 0
308 14 1 1 0 0 0 0 0 0
315 4 0 0 4 0 0 0 0 0
318 8 0 0 4 0 0 0 0 0
335 8 0 0 4 3 0 0 0 0
336 8 1 1 0 0 0 4 0 0
337 32 0 0 28 1 0 0 0 0
fl=./elf/./elf/dl-runtime.c
fn=_dl_fixup
46 14 1 1 0 0 0 8 0 0
48 10 0 0 8 0 0 0 0 0
49 6 0 0 4 0 0 0 0 0
54 2 0 0 2 1 0 0 0 0
55 8 0 0 2 1 0 0 0 0
56 14 0 0 2 0 0 2 0 0
58 4 0 0 2 0 0 0 0 0
63 4 1 1 0 0 0 0 0 0
67 4 0 0 2 2 2 0 0 0
69 8 1 1 2 0 0 0 0 0
71 6 0 0 2 0 0 0 0 0
75 6 0 0 4 0 0 0 0 0
76 8 0 0 2 0 0 0 0 0
84 2 0 0 0 0 0 0 0 0
85 6 0 0 2 0 0 0 0 0
95 22 1 1 4 1 0 6 1 0
99 10 0 0 6 0 0 0 0 0
109 20 1 1 8 0 0 2 0 0
124 8 0 0 2 0 0 0 0 0
133 6 0 0 2 0 0 0 0 0
159 6 1 1 2 0 0 0 0 0
162 4 1 1 2 0 0 0 0 0
163 12 0 0 10 0 0 0 0 0
fl=./elf/./elf/dl-sort-maps.c
fn=_dl_sort_maps
28 24 2 2 0 0 0 20 3 1
30 4 0 0 0 0 0 0 0 0
33 20 0 0 0 0 0 8 0 0
34 20 0 0 0 0 0 2 0 0
35 12 1 1 2 0 0 2 1 0
39 24 1 1 6 0 0 12 0 0
40 18 0 0 12 0 0 0 0 0
42 12 0 0 6 0 0 0 0 0
46 12 1 1 6 0 0 0 0 0
54 48 0 0 18 0 0 0 0 0
56 18 0 0 12 2 1 0 0 0
57 12 0 0 0 0 0 0 0 0
59 18 0 0 6 1 1 0 0 0
60 12 1 1 0 0 0 0 0 0
65 8 0 0 0 0 0 4 0 0
90 21 2 2 3 0 0 0 0 0
115 20 1 1 12 0 0 0 0 0
118 52 3 2 12 0 0 8 0 0
122 16 0 0 14 0 0 0 0 0
fl=./elf/./elf/dl-tunables.c
fn=__GI___tunable_set_val
159 30 1 1 0 0 0 0 0 0
161 5 0 0 0 0 0 0 0 0
fn=__GI___tunables_init
72 1055 1 1 71 0 0 0 0 0
75 210 1 1 0 0 0 0 0 0
78 7721 1 1 1083 38 38 0 0 0
82 140 0 0 0 0 0 0 0 0
87 280 0 0 0 0 0 70 0 0
271 9 0 0 1 0 0 0 0 0
280 8 1 1 0 0 0 6 0 0
303 8960 0 0 0 0 0 0 0 0
309 13720 1 1 4480 32 32 0 0 0
321 280 0 0 70 0 0 0 0 0
355 8 1 1 7 0 0 0 0 0
fn=__tunable_get_val
406 185 2 2 17 16 10 0 0 0
415 23 0 0 17 1 0 6 0 0
425 11 1 1 0 0 0 11 1 1
426 11 0 0 0 0 0 0 0 0
432 85 0 0 17 0 0 0 0 0
434 17 0 0 17 0 0 0 0 0
fn=do_tunable_update_val
100 5 1 1 0 0 0 0 0 0
103 15 0 0 5 0 0 0 0 0
112 5 0 0 5 0 0 0 0 0
113 35 0 0 10 0 0 0 0 0
114 25 0 0 10 0 0 0 0 0
120 10 0 0 0 0 0 0 0 0
124 10 0 0 0 0 0 0 0 0
131 10 0 0 0 0 0 0 0 0
132 10 0 0 0 0 0 0 0 0
135 5 1 1 0 0 0 5 0 0
136 5 0 0 0 0 0 5 0 0
137 5 0 0 0 0 0 5 0 0
138 10 0 0 5 0 0 5 0 0
fl=./elf/./elf/dl-tunables.h
fn=__GI___tunables_init
140 866 1 1 676 1 1 0 0 0
141 2920 1 1 0 0 0 0 0 0
145 14 0 0 14 0 0 0 0 0
fn=do_tunable_update_val
121 10 0 0 0 0 0 0 0 0
131 15 1 1 0 0 0 0 0 0
fl=./elf/./elf/dl-version.c
fn=_dl_check_all_versions
362 5 1 1 0 0 0 4 0 0
364 2 0 0 0 0 0 0 0 0
366 17 0 0 4 0 0 0 0 0
367 4 0 0 0 0 0 0 0 0
368 36 1 1 4 0 0 4 0 0
371 7 0 0 5 0 0 0 0 0
fn=_dl_check_map_versions
37 24 1 1 4 0 0 0 0 0
38 5 0 0 5 0 0 0 0 0
39 35 0 0 0 0 0 7 0 0
57 20 0 0 15 0 0 0 0 0
65 15 0 0 5 0 0 0 0 0
71 15 1 1 5 1 0 0 0 0
87 5 0 0 5 1 0 0 0 0
88 10 0 0 0 0 0 0 0 0
90 5 0 0 5 0 0 0 0 0
95 131 0 0 48 12 12 10 0 0
109 96 1 1 48 7 7 0 0 0
111 5 1 1 5 0 0 0 0 0
114 42 1 1 7 1 1 5 0 0
121 129 0 0 43 4 4 0 0 0
125 43 0 0 0 0 0 0 0 0
143 4 1 1 0 0 0 4 0 0
156 36 1 1 0 0 0 32 0 0
157 4 1 1 0 0 0 4 0 0
165 4 1 1 0 0 0 0 0 0
171 12 0 0 4 0 0 0 0 0
173 20 1 1 8 0 0 4 0 0
175 8 0 0 4 1 0 4 0 0
176 8 0 0 4 0 0 4 0 0
178 8 0 0 0 0 0 0 0 0
181 6 0 0 4 0 0 2 0 0
185 6 0 0 2 2 2 0 0 0
201 6 0 0 6 0 0 0 0 0
209 6 0 0 2 0 0 0 0 0
214 8 0 0 4 0 0 0 0 0
218 50 1 1 39 0 0 0 0 0
220 5 0 0 5 0 0 0 0 0
222 13 0 0 5 1 1 5 0 0
225 20 0 0 5 0 0 0 0 0
228 15 0 0 5 0 0 0 0 0
233 3 0 0 0 0 0 0 0 0
237 8 0 0 4 0 0 0 0 0
251 9 2 2 4 0 0 0 0 0
254 8 0 0 6 0 0 0 0 0
257 168 0 0 42 0 0 0 0 0
260 126 0 0 42 0 0 0 0 0
264 40 0 0 0 0 0 0 0 0
268 6 1 1 0 0 0 0 0 0
273 3 1 1 0 0 0 3 0 0
274 6 0 0 0 0 0 0 0 0
275 6 0 0 0 0 0 0 0 0
285 3 0 0 0 0 0 3 0 0
288 15 0 0 9 0 0 3 0 0
290 9 1 1 3 0 0 0 0 0
293 8 0 0 6 0 0 0 0 0
297 6 0 0 2 0 0 0 0 0
300 15 0 0 5 0 0 0 0 0
302 20 0 0 0 0 0 0 0 0
304 25 0 0 5 0 0 5 0 0
305 10 1 1 0 0 0 5 2 2
306 15 0 0 5 0 0 5 1 1
307 15 0 0 5 0 0 5 0 0
310 15 0 0 5 0 0 0 0 0
315 3 0 0 0 0 0 0 0 0
318 6 0 0 2 0 0 0 0 0
328 9 1 1 3 0 0 0 0 0
331 8 0 0 6 0 0 0 0 0
335 40 0 0 40 0 0 0 0 0
337 84 0 0 42 0 0 0 0 0
341 40 0 0 40 0 0 0 0 0
342 200 0 0 40 0 0 40 11 11
343 120 0 0 40 0 0 40 0 0
344 40 0 0 0 0 0 40 5 5
347 126 0 0 42 0 0 0 0 0
351 40 0 0 0 0 0 0 0 0
357 36 1 1 32 0 0 0 0 0
fl=./elf/./elf/do-rel.h
fn=_dl_relocate_object
48 8 0 0 0 0 0 0 0 0
49 16 0 0 0 0 0 8 0 0
50 4 1 1 4 0 0 0 0 0
52 4 1 1 0 0 0 0 0 0
53 7 1 1 1 0 0 5 1 0
60 16 0 0 0 0 0 0 0 0
63 162 1 1 0 0 0 0 0 0
65 212 1 1 53 20 20 0 0 0
67 117 0 0 0 0 0 0 0 0
76 3 0 0 0 0 0 0 0 0
77 123 0 0 0 0 0 0 0 0
78 78 0 0 39 0 0 0 0 0
86 42 1 1 21 0 0 7 0 0
88 14 0 0 0 0 0 0 0 0
100 21 1 1 0 0 0 0 0 0
110 10 0 0 0 0 0 0 0 0
113 3622 0 0 0 0 0 0 0 0
114 2406 0 0 1203 152 151 0 0 0
120 21 0 0 7 4 0 0 0 0
124 20 0 0 10 3 0 5 1 0
126 304 1 1 103 0 0 0 0 0
128 490 0 0 294 82 77 0 0 0
129 392 0 0 98 0 0 98 0 0
130 294 0 0 196 0 0 98 0 0
131 392 0 0 98 0 0 0 0 0
133 294 1 1 0 0 0 0 0 0
135 10 1 1 2 0 0 4 0 0
138 2 0 0 0 0 0 0 0 0
142 96 0 0 0 0 0 96 0 0
145 305 1 1 96 0 0 0 0 0
146 12 1 1 4 0 0 0 0 0
158 12 0 0 6 0 0 0 0 0
159 12 0 0 2 0 0 0 0 0
160 6 0 0 2 0 0 0 0 0
163 6 0 0 4 0 0 0 0 0
165 6 0 0 2 0 0 0 0 0
166 2 0 0 2 0 0 0 0 0
167 8 1 1 4 0 0 4 0 0
175 25 0 0 8 0 0 2 0 0
177 42 0 0 12 2 2 6 0 0
178 12 0 0 12 0 0 0 0 0
180 18 1 1 0 0 0 0 0 0
188 6 0 0 0 0 0 6 0 0
191 18 0 0 6 0 0 0 0 0
205 3 0 0 1 0 0 0 0 0
fn=_dl_start
48 1 0 0 0 0 0 0 0 0
49 4 0 0 0 0 0 0 0 0
86 5 1 1 2 0 0 0 0 0
88 3 1 1 1 0 0 0 0 0
113 30 0 0 0 0 0 0 0 0
114 18 0 0 9 2 2 0 0 0
118 2 1 1 1 0 0 0 0 0
126 20 0 0 0 0 0 0 0 0
128 18 1 1 6 2 2 0 0 0
129 12 0 0 0 0 0 0 0 0
130 12 0 0 6 0 0 0 0 0
fl=./elf/./elf/get-dynamic-info.h
fn=_dl_map_object_from_fd
39 4 0 0 0 0 0 0 0 0
43 2 0 0 0 0 0 0 0 0
45 170 0 0 43 12 12 0 0 0
49 82 0 0 0 0 0 0 0 0
54 42 0 0 0 0 0 0 0 0
55 28 0 0 0 0 0 0 0 0
56 10 1 1 0 0 0 0 0 0
58 2 1 1 0 0 0 0 0 0
59 10 0 0 0 0 0 0 0 0
61 2 0 0 0 0 0 0 0 0
62 10 0 0 0 0 0 0 0 0
64 8 0 0 0 0 0 0 0 0
68 41 0 0 0 0 0 41 9 9
72 8 1 1 2 0 0 0 0 0
82 7 0 0 3 0 0 0 0 0
83 8 0 0 4 0 0 0 0 0
84 8 0 0 4 0 0 0 0 0
85 8 0 0 4 0 0 0 0 0
87 8 1 1 4 0 0 0 0 0
92 7 0 0 3 0 0 0 0 0
93 7 0 0 3 1 1 0 0 0
94 8 0 0 4 0 0 0 0 0
97 6 1 1 2 1 1 0 0 0
102 2 0 0 1 0 0 0 0 0
109 4 0 0 2 0 0 0 0 0
110 6 0 0 4 0 0 0 0 0
132 6 0 0 2 1 1 0 0 0
137 2 0 0 1 0 0 1 0 0
139 2 0 0 0 0 0 0 0 0
141 2 0 0 0 0 0 0 0 0
143 2 0 0 0 0 0 0 0 0
147 6 1 1 2 0 0 0 0 0
149 3 0 0 1 0 0 1 0 0
150 2 1 1 0 0 0 0 0 0
159 2 0 0 1 0 0 0 0 0
160 3 2 2 0 0 0 0 0 0
165 2 0 0 0 0 0 0 0 0
169 4 0 0 2 0 0 0 0 0
fl=./elf/./elf/libc_early_init.c
fn=__libc_early_init
33 6 1 1 1 0 0 2 0 0
35 1 0 0 0 0 0 1 0 0
38 2 0 0 1 0 0 1 1 1
41 1 0 0 0 0 0 1 1 1
47 4 1 1 2 0 0 0 0 0
49 2 0 0 1 0 0 0 0 0
fl=./elf/./elf/rtld.c
fn=_dl_start
80 8 0 0 0 0 0 2 1 1
482 3 1 1 0 0 0 1 0 0
483 1 0 0 0 0 0 1 0 0
484 2 0 0 0 0 0 1 1 1
485 2 0 0 0 0 0 1 0 0
486 2 0 0 0 0 0 1 0 0
495 1 0 0 0 0 0 1 0 0
501 4 1 0 0 0 0 1 0 0
503 2 0 0 1 0 0 0 0 0
521 9 2 2 0 0 0 6 0 0
547 1 1 1 0 0 0 1 0 0
550 1 0 0 0 0 0 1 1 1
551 1 0 0 1 1 1 0 0 0
562 2 1 1 0 0 0 0 0 0
567 23 0 0 7 0 0 0 0 0
569 1 0 0 1 0 0 0 0 0
582 1 0 0 0 0 0 1 1 1
597 9 0 0 7 1 0 0 0 0
fn=audit_list_add_dynamic_tag
219 2 0 0 2 0 0 0 0 0
227 6 1 1 2 1 1 0 0 0
228 8 0 0 6 0 0 0 0 0
229 4 0 0 0 0 0 0 0 0
fn=dl_main
80 16 2 2 0 0 0 1 0 0
87 12 0 0 0 0 0 0 0 0
88 2 0 0 1 0 0 1 0 0
96 8 1 1 3 0 0 0 0 0
200 1 0 0 0 0 0 1 0 0
201 1 1 1 0 0 0 1 0 0
202 1 0 0 0 0 0 1 0 0
299 1 0 0 0 0 0 1 0 0
300 1 0 0 0 0 0 1 0 0
301 1 0 0 0 0 0 1 0 0
302 1 0 0 0 0 0 1 0 0
303 1 0 0 0 0 0 1 0 0
304 1 1 1 0 0 0 1 0 0
305 1 0 0 0 0 0 1 0 0
306 2 0 0 0 0 0 1 0 0
852 1 0 0 1 0 0 0 0 0
854 1 0 0 0 0 0 1 0 0
860 1 0 0 1 0 0 0 0 0
863 1 0 0 0 0 0 1 0 0
865 1 1 1 0 0 0 1 0 0
870 1 0 0 0 0 0 1 0 0
1145 13 1 1 0 0 0 10 2 2
1150 1 0 0 0 0 0 1 0 0
1152 1 0 0 0 0 0 0 0 0
1153 1 1 1 0 0 0 1 0 0
1159 1 0 0 0 0 0 1 0 0
1175 4 0 0 2 0 0 2 0 0
1176 4 0 0 2 0 0 0 0 0
1448 10 1 1 0 0 0 3 0 0
1450 2 0 0 0 0 0 0 0 0
1451 3 1 1 2 0 0 1 1 1
1452 2 0 0 1 0 0 1 0 0
1453 3 0 0 2 0 0 1 0 0
1457 3 0 0 0 0 0 1 0 0
1458 2 0 0 1 0 0 0 0 0
1479 2 0 0 1 0 0 1 0 0
1480 1 1 1 0 0 0 1 0 0
1482 1 0 0 0 0 0 1 0 0
1484 1 0 0 1 0 0 0 0 0
1487 47 3 3 2 0 0 0 0 0
1488 117 0 0 22 7 7 0 0 0
1492 3 1 1 2 0 0 1 0 0
1497 3 1 1 2 0 0 1 0 0
1498 9 0 0 2 0 0 1 0 0
1507 2 0 0 0 0 0 1 0 0
1508 2 0 0 2 1 1 0 0 0
1510 1 0 0 0 0 0 1 0 0
1517 3 0 0 1 0 0 0 0 0
1529 1 1 1 0 0 0 0 0 0
1535 1 0 0 0 0 0 1 0 0
1543 8 0 0 4 0 0 0 0 0
1544 15 1 1 5 1 1 0 0 0
1545 8 0 0 4 0 0 0 0 0
1546 1 0 0 0 0 0 1 0 0
1549 8 0 0 4 3 3 0 0 0
1550 8 0 0 4 0 0 0 0 0
1551 4 0 0 0 0 0 4 0 0
1552 10 1 1 5 0 0 0 0 0
1553 1 0 0 0 0 0 1 0 0
1580 2 0 0 1 0 0 1 1 1
1584 2 0 0 1 0 0 1 1 1
1585 2 0 0 1 1 1 1 0 0
1590 26 0 0 13 0 0 0 0 0
1591 61 1 1 13 0 0 0 0 0
1597 17 0 0 0 0 0 1 0 0
1603 3 0 0 1 1 1 0 0 0
1606 5 1 1 3 0 0 0 0 0
1608 3 0 0 1 0 0 0 0 0
1610 2 0 0 1 0 0 0 0 0
1623 3 1 1 1 0 0 0 0 0
1624 6 1 1 2 0 0 1 0 0
1625 3 0 0 2 0 0 0 0 0
1626 3 0 0 3 0 0 0 0 0
1629 1 0 0 0 0 0 1 0 0
1631 1 0 0 0 0 0 1 0 0
1632 1 0 0 0 0 0 1 0 0
1634 2 0 0 1 0 0 0 0 0
1635 2 0 0 0 0 0 1 0 0
1639 2 1 1 1 0 0 0 0 0
1641 2 0 0 1 0 0 0 0 0
1649 4 0 0 2 0 0 0 0 0
1656 2 1 1 1 0 0 1 0 0
1659 2 0 0 1 0 0 0 0 0
1684 9 1 1 1 0 0 2 0 0
1692 4 1 1 1 0 0 2 0 0
1694 1 0 0 0 0 0 1 0 0
1699 2 0 0 1 0 0 0 0 0
1702 4 2 2 2 0 0 1 0 0
1703 4 1 1 1 0 0 1 0 0
1704 3 0 0 1 0 0 1 0 0
1705 1 0 0 0 0 0 1 0 0
1706 1 0 0 1 0 0 0 0 0
1707 1 0 0 1 0 0 0 0 0
1712 2 0 0 1 0 0 0 0 0
1713 3 0 0 1 0 0 1 0 0
1730 2 1 1 1 1 1 0 0 0
1731 2 0 0 1 0 0 0 0 0
1733 2 0 0 1 0 0 0 0 0
1735 1 0 0 0 0 0 1 0 0
1736 3 1 1 1 0 0 1 1 1
1741 5 0 0 0 0 0 0 0 0
1742 5 0 0 1 1 1 0 0 0
1744 2 0 0 1 0 0 1 1 1
1745 2 0 0 1 0 0 1 0 0
1750 2 0 0 1 1 1 0 0 0
1754 6 1 1 1 0 0 1 0 0
1755 4 0 0 0 0 0 1 0 0
1759 2 0 0 1 0 0 0 0 0
1763 2 0 0 0 0 0 1 0 0
1764 2 0 0 1 0 0 0 0 0
1788 2 1 1 0 0 0 2 0 0
1796 4 0 0 2 0 0 0 0 0
1799 2 0 0 1 0 0 1 0 0
1803 3 0 0 1 0 0 0 0 0
1808 2 1 1 1 0 0 1 0 0
1809 1 0 0 0 0 0 1 0 0
1814 3 0 0 1 0 0 1 0 0
1819 3 0 0 2 0 0 0 0 0
1821 1 0 0 0 0 0 0 0 0
1823 2 1 1 1 0 0 0 0 0
1827 5 0 0 2 0 0 1 0 0
1832 2 0 0 1 0 0 0 0 0
1848 6 0 0 0 0 0 1 0 0
1924 4 0 0 2 0 0 0 0 0
1928 9 1 1 0 0 0 0 0 0
1929 1 0 0 0 0 0 0 0 0
1932 3 0 0 0 0 0 1 0 0
1933 1 0 0 1 0 0 0 0 0
1934 2 0 0 0 0 0 0 0 0
1935 2 1 1 0 0 0 0 0 0
1940 3 1 1 1 0 0 0 0 0
1950 9 0 0 2 0 0 1 0 0
1956 19 2 2 1 0 0 0 0 0
1957 12 0 0 9 0 0 0 0 0
1960 4 0 0 3 0 0 1 0 0
1961 3 0 0 1 0 0 0 0 0
1962 1 0 0 0 0 0 1 0 0
1964 11 0 0 0 0 0 0 0 0
1965 14 1 1 5 0 0 0 0 0
1975 2 1 1 0 0 0 1 0 0
1977 3 0 0 1 0 0 1 0 0
1978 2 1 1 0 0 0 0 0 0
1980 2 0 0 0 0 0 1 0 0
1982 3 0 0 0 0 0 0 0 0
1984 3 0 0 1 0 0 0 0 0
1985 1 0 0 1 0 0 0 0 0
1986 2 0 0 0 0 0 0 0 0
1998 2 0 0 0 0 0 0 0 0
1999 2 1 1 0 0 0 1 0 0
2000 3 0 0 1 0 0 0 0 0
2011 4 0 0 0 0 0 1 0 0
2012 4 0 0 0 0 0 1 0 0
2013 5 1 1 0 0 0 1 0 0
2023 2 0 0 1 0 0 1 0 0
2024 2 1 1 0 0 0 0 0 0
2025 4 0 0 0 0 0 1 0 0
2027 2 0 0 1 0 0 0 0 0
2032 3 0 0 1 0 0 0 0 0
2262 4 0 0 2 0 0 0 0 0
2311 1 1 1 1 0 0 0 0 0
2318 3 1 1 1 0 0 1 0 0
2322 3 0 0 1 0 0 2 0 0
2328 2 0 0 1 0 0 1 0 0
2331 2 0 0 0 0 0 0 0 0
2339 2 0 0 2 0 0 0 0 0
2341 2 0 0 0 0 0 0 0 0
2374 1 1 1 1 1 0 0 0 0
2392 3 1 1 1 0 0 0 0 0
2395 1 0 0 1 0 0 0 0 0
2400 19 0 0 1 0 0 1 0 0
2402 8 1 1 8 1 0 0 0 0
2407 8 0 0 8 2 0 0 0 0
2409 10 0 0 0 0 0 0 0 0
2411 1 1 1 0 0 0 1 0 0
2412 1 0 0 1 0 0 0 0 0
2415 4 0 0 4 0 0 0 0 0
2417 12 0 0 0 0 0 0 0 0
2418 24 0 0 6 2 0 3 0 0
2422 10 0 0 5 2 0 0 0 0
2423 4 0 0 0 0 0 1 0 0
2431 2 1 1 1 0 0 0 0 0
2436 4 0 0 2 1 0 0 0 0
2438 1 0 0 1 0 0 0 0 0
2445 3 0 0 0 0 0 1 0 0
2448 2 1 1 1 0 0 0 0 0
2458 3 1 1 2 1 0 0 0 0
2460 4 0 0 1 0 0 0 0 0
2472 3 1 1 1 0 0 1 0 0
2475 1 1 1 0 0 0 1 0 0
2481 1 0 0 1 0 0 0 0 0
2482 5 0 0 1 0 0 1 0 0
2490 3 1 1 1 0 0 1 0 0
2497 1 0 0 0 0 0 1 0 0
2501 3 0 0 0 0 0 1 0 0
2506 3 0 0 0 0 0 1 0 0
2507 1 0 0 0 0 0 1 0 0
2508 1 0 0 0 0 0 1 0 0
2513 1 0 0 0 0 0 1 0 0
2518 8 0 0 7 2 0 0 0 0
2651 2 0 0 1 0 0 1 1 1
2653 1 0 0 0 0 0 0 0 0
2657 7 1 1 1 0 0 2 1 1
2659 16 0 0 0 0 0 3 0 0
2661 2 0 0 0 0 0 0 0 0
2663 107 1 1 21 0 0 0 0 0
2664 19 0 0 0 0 0 0 0 0
2672 13 0 0 2 1 1 0 0 0
2693 2 1 1 1 0 0 0 0 0
2700 6 0 0 3 0 0 0 0 0
2702 2 0 0 0 0 0 1 0 0
2703 1 0 0 0 0 0 0 0 0
2748 3 1 1 1 0 0 0 0 0
2749 5 1 1 2 0 0 0 0 0
2751 2 0 0 0 0 0 1 0 0
2752 2 1 1 0 0 0 1 0 0
2753 1 0 0 0 0 0 0 0 0
2803 1 1 1 0 0 0 0 0 0
2812 1 0 0 0 0 0 0 0 0
2819 4 0 0 1 0 0 0 0 0
2851 2 1 1 0 0 0 0 0 0
fn=do_preload
819 6 1 1 0 0 0 3 0 0
821 1 1 1 0 0 0 1 0 0
825 1 0 0 0 0 0 1 0 0
826 1 0 0 0 0 0 1 0 0
827 1 0 0 0 0 0 1 0 0
829 1 0 0 1 0 0 0 0 0
831 6 0 0 0 0 0 1 0 0
832 3 0 0 1 0 0 0 0 0
840 3 0 0 1 0 0 0 0 0
846 5 0 0 4 0 0 0 0 0
fn=handle_preload_list
186 3 0 0 1 0 0 0 0 0
884 7 2 2 0 0 0 6 0 0
885 2 0 0 0 0 0 0 0 0
889 7 0 0 2 0 0 0 0 0
892 4 1 1 0 0 0 1 1 1
893 3 0 0 0 0 0 0 0 0
895 6 1 1 0 0 0 2 1 1
896 3 0 0 1 0 0 1 0 0
902 1 0 0 0 0 0 0 0 0
904 2 0 0 1 0 0 0 0 0
906 2 0 0 1 0 0 0 0 0
907 5 0 0 0 0 0 1 0 0
910 9 0 0 7 0 0 0 0 0
fn=init_tls
746 3 1 1 0 0 0 2 0 0
748 2 0 0 1 0 0 1 0 0
752 3 1 1 1 1 0 0 0 0
758 2 0 0 0 0 0 1 0 0
761 1 0 0 0 0 0 1 0 0
762 1 0 0 0 0 0 0 0 0
763 1 0 0 0 0 0 0 0 0
767 1 1 1 0 0 0 0 0 0
769 1 0 0 0 0 0 1 0 0
773 2 0 0 1 1 1 0 0 0
774 2 0 0 0 0 0 0 0 0
775 11 0 0 1 0 0 0 0 0
776 4 1 1 4 0 0 0 0 0
777 8 0 0 4 0 0 0 0 0
781 3 0 0 0 0 0 1 1 1
783 1 0 0 0 0 0 0 0 0
785 3 0 0 1 0 0 0 0 0
788 2 0 0 0 0 0 1 0 0
791 1 0 0 0 0 0 1 0 0
798 2 0 0 0 0 0 1 0 0
799 2 0 0 0 0 0 0 0 0
805 2 0 0 1 0 0 1 0 0
808 8 1 1 0 0 0 2 0 0
811 1 0 0 0 0 0 1 0 0
812 1 0 0 0 0 0 1 0 0
815 5 0 0 3 0 0 0 0 0
fn=map_doit
653 2 1 1 0 0 0 1 0 0
655 4 0 0 1 0 0 0 0 0
656 6 0 0 2 0 0 2 0 0
658 2 0 0 2 0 0 0 0 0
fn=version_check_doit
686 2 1 1 0 0 0 1 0 0
688 6 0 0 2 0 0 1 0 0
692 2 0 0 2 0 0 0 0 0
fl=./elf/./get-dynamic-info.h
fn=_dl_start
45 75 0 0 19 6 6 0 0 0
49 36 1 1 0 0 0 0 0 0
54 21 0 0 0 0 0 0 0 0
55 14 0 0 0 0 0 0 0 0
56 5 0 0 0 0 0 0 0 0
58 1 0 0 0 0 0 0 0 0
59 5 1 1 0 0 0 0 0 0
61 1 0 0 0 0 0 0 0 0
62 5 1 1 0 0 0 0 0 0
64 5 0 0 0 0 0 0 0 0
68 19 0 0 0 0 0 18 8 8
72 4 0 0 1 0 0 0 0 0
82 4 0 0 2 0 0 0 0 0
83 4 0 0 2 0 0 0 0 0
84 4 1 1 2 0 0 0 0 0
85 4 0 0 2 0 0 0 0 0
87 4 0 0 2 0 0 0 0 0
92 4 0 0 2 0 0 0 0 0
93 4 1 1 2 0 0 0 0 0
94 5 0 0 2 0 0 0 0 0
97 3 1 1 1 0 0 0 0 0
102 2 0 0 1 0 0 0 0 0
109 3 0 0 1 0 0 0 0 0
110 3 0 0 2 0 0 0 0 0
118 2 0 0 1 0 0 0 0 0
119 2 1 1 1 0 0 0 0 0
124 3 0 0 1 0 0 0 0 0
127 3 0 0 1 0 0 0 0 0
fn=dl_main
39 4 0 0 2 0 0 0 0 0
43 1 0 0 0 0 0 0 0 0
45 91 0 0 23 6 6 0 0 0
49 44 0 0 0 0 0 0 0 0
54 25 1 1 0 0 0 0 0 0
55 17 0 0 0 0 0 0 0 0
56 5 0 0 0 0 0 0 0 0
58 1 0 0 0 0 0 0 0 0
59 5 1 1 0 0 0 0 0 0
61 1 0 0 0 0 0 0 0 0
62 5 2 2 0 0 0 0 0 0
64 5 0 0 0 0 0 0 0 0
68 22 0 0 0 0 0 22 7 7
72 7 1 1 4 0 0 0 0 0
82 3 0 0 1 0 0 0 0 0
83 5 1 1 3 0 0 0 0 0
84 5 0 0 3 0 0 0 0 0
85 5 0 0 3 0 0 0 0 0
87 5 1 1 3 0 0 0 0 0
92 4 0 0 2 0 0 0 0 0
93 5 0 0 3 0 0 0 0 0
94 6 1 1 3 0 0 0 0 0
97 4 1 1 2 0 0 0 0 0
109 3 0 0 2 0 0 0 0 0
110 3 0 0 2 0 0 0 0 0
132 4 1 1 2 0 0 0 0 0
147 4 1 1 2 0 0 0 0 0
149 3 0 0 1 0 0 1 0 0
150 2 0 0 0 0 0 0 0 0
159 2 0 0 1 0 0 0 0 0
160 3 2 2 0 0 0 0 0 0
165 2 0 0 0 0 0 0 0 0
169 3 1 1 2 0 0 0 0 0
fl=./elf/./setup-vdso.h
fn=dl_main
24 2 0 0 1 0 0 0 0 0
fl=./io/../sysdeps/unix/sysv/linux/access.c
fn=access
27 7 1 1 0 0 0 1 0 0
31 1 0 0 1 0 0 0 0 0
fl=./io/../sysdeps/unix/sysv/linux/close_nocancel.c
fn=__GI___close_nocancel
26 12 1 1 0 0 0 0 0 0
27 3 0 0 3 0 0 0 0 0
fl=./io/../sysdeps/unix/sysv/linux/fstat64.c
fn=fstat
29 3 1 1 0 0 0 0 0 0
30 6 0 0 0 0 0 0 0 0
35 9 0 0 0 0 0 0 0 0
fl=./io/../sysdeps/unix/sysv/linux/fstatat64.c
fn=fstatat
87 24 0 0 0 0 0 0 0 0
149 12 1 1 0 0 0 0 0 0
163 16 0 0 0 0 0 8 0 0
164 44 1 1 8 0 0 0 0 0
165 4 0 0 4 0 0 0 0 0
fl=./io/../sysdeps/unix/sysv/linux/open64_nocancel.c
fn=__open_nocancel
34 36 0 0 0 0 0 12 1 1
37 84 1 1 0 0 0 0 0 0
45 111 1 1 0 0 0 9 0 0
47 12 0 0 12 0 0 0 0 0
fl=./io/../sysdeps/unix/sysv/linux/pread64_nocancel.c
fn=__pread64_nocancel
25 4 0 0 0 0 0 0 0 0
26 16 0 0 0 0 0 0 0 0
27 4 0 0 4 0 0 0 0 0
fl=./io/../sysdeps/unix/sysv/linux/read_nocancel.c
fn=__read_nocancel
26 8 1 1 0 0 0 0 0 0
27 2 0 0 2 0 0 0 0 0
fl=./io/../sysdeps/unix/sysv/linux/stat64.c
fn=stat
28 9 0 0 0 0 0 0 0 0
29 36 0 0 0 0 0 0 0 0
fl=./libio/./libio/genops.c
fn=_IO_cleanup
786 6 0 0 0 0 0 3 0 0
787 11 1 1 4 0 0 2 0 0
790 12 1 1 4 0 0 0 0 0
799 9 1 1 3 0 0 0 0 0
801 6 0 0 2 0 0 0 0 0
838 3 0 0 0 0 0 3 0 0
842 9 2 2 3 0 0 2 0 0
843 2 0 0 0 0 0 1 0 0
863 10 2 2 1 0 0 7 0 0
866 3 0 0 0 0 0 1 0 0
878 12 1 1 9 0 0 0 0 0
fn=_IO_flush_all_lockp
686 11 1 1 1 0 0 7 0 0
687 1 1 1 0 0 0 0 0 0
691 6 1 1 0 0 0 3 0 0
692 11 0 0 4 1 1 2 0 0
695 12 0 0 4 4 4 0 0 0
697 3 1 1 0 0 0 3 0 0
698 6 0 0 0 0 0 0 0 0
701 21 1 1 9 6 6 0 0 0
709 6 1 1 0 0 0 0 0 0
711 3 0 0 0 0 0 3 0 0
715 9 1 1 3 0 0 2 0 0
716 2 0 0 0 0 0 1 0 0
720 12 1 1 9 0 0 0 0 0
fl=./libio/./libio/libioP.h
fn=_IO_cleanup
940 4 0 0 0 0 0 0 0 0
fn=_IO_flush_all_lockp
940 4 0 0 0 0 0 0 0 0
fl=./libio/./libio/vtables.c
fn=check_stdfiles_vtables
84 4 1 1 2 2 0 0 0 0
85 3 1 1 2 1 0 0 0 0
86 3 0 0 2 1 0 0 0 0
88 1 0 0 1 0 0 0 0 0
fl=./malloc/./malloc/scratch_buffer_set_array_size.c
fn=__libc_scratch_buffer_set_array_size
30 18 2 2 0 0 0 6 0 0
34 2 0 0 0 0 0 0 0 0
35 4 0 0 0 0 0 0 0 0
45 4 0 0 2 0 0 0 0 0
46 2 0 0 0 0 0 0 0 0
63 8 1 1 8 0 0 0 0 0
fl=./misc/../sysdeps/unix/syscall-template.S
fn=mprotect
117 16 1 1 0 0 0 0 0 0
122 4 0 0 4 0 0 0 0 0
fn=munmap
117 4 0 0 0 0 0 0 0 0
122 1 0 0 1 0 0 0 0 0
fl=./misc/../sysdeps/unix/sysv/linux/mmap64.c
fn=mmap
48 48 0 0 0 0 0 24 0 0
51 24 1 1 0 0 0 0 0 0
54 48 1 1 0 0 0 0 0 0
59 72 0 0 0 0 0 0 0 0
61 36 0 0 36 0 0 0 0 0
fl=./misc/./misc/init-misc.c
fn=__init_misc
30 4 0 0 0 0 0 2 0 0
31 5 2 2 1 0 0 0 0 0
33 3 0 0 0 0 0 1 0 0
37 5 0 0 1 0 0 1 1 0
38 3 0 0 2 0 0 1 0 0
40 4 0 0 3 0 0 0 0 0
fl=./nptl/../sysdeps/unix/sysv/linux/x86/elision-conf.c
fn=__lll_elision_init
96 5 1 1 1 0 0 2 0 0
101 5 1 1 0 0 0 1 0 0
103 4 0 0 0 0 0 1 0 0
105 4 1 1 0 0 0 1 0 0
107 4 0 0 0 0 0 1 0 0
109 4 0 0 0 0 0 1 0 0
113 3 0 0 1 1 1 0 0 0
114 1 1 1 0 0 0 1 1 1
115 6 0 0 4 0 0 0 0 0
fl=./nptl/./nptl/libc-cleanup.c
fn=__libc_cleanup_pop_restore
56 2 0 0 2 0 0 0 0 0
58 4 0 0 2 0 0 2 0 0
60 2 0 0 2 0 0 0 0 0
61 6 1 1 2 0 0 0 0 0
72 2 0 0 2 0 0 0 0 0
fn=__libc_cleanup_push_defer
26 2 1 1 2 0 0 0 0 0
28 4 0 0 2 0 0 2 0 0
30 4 0 0 2 1 1 0 0 0
33 4 0 0 0 0 0 0 0 0
47 6 0 0 0 0 0 2 0 0
49 2 1 1 0 0 0 2 0 0
50 2 0 0 2 0 0 0 0 0
fl=./nptl/./nptl/pthread_mutex_conf.c
fn=__pthread_tunables_init
50 5 2 2 1 0 0 2 0 0
51 5 0 0 0 0 0 1 0 0
53 4 0 0 0 0 0 1 0 0
55 6 1 1 4 0 0 0 0 0
fl=./nptl/./nptl/pthread_mutex_lock.c
fn=pthread_mutex_lock@@GLIBC_2.2.5
45 1 1 1 1 0 0 0 0 0
46 8 0 0 2 0 0 0 0 0
47 1 0 0 0 0 0 1 0 0
73 2 0 0 0 0 0 1 0 0
76 3 1 1 1 0 0 0 0 0
80 2 1 1 0 0 0 0 0 0
84 2 0 0 0 0 0 0 0 0
93 2 1 1 0 0 0 0 0 0
104 4 1 1 1 0 0 0 0 0
108 1 0 0 1 1 1 0 0 0
111 2 0 0 1 0 0 0 0 0
126 3 0 0 1 0 0 0 0 0
127 2 1 1 0 0 0 1 0 0
162 1 1 1 1 0 0 0 0 0
165 1 0 0 0 0 0 1 0 0
167 1 0 0 1 0 0 0 0 0
172 1 0 0 0 0 0 0 0 0
173 3 0 0 2 0 0 0 0 0
fl=./nptl/./nptl/pthread_mutex_unlock.c
fn=__pthread_mutex_unlock_usercnt
40 1 0 0 1 0 0 0 0 0
41 5 0 0 1 0 0 0 0 0
42 1 0 0 0 0 0 1 0 0
49 1 0 0 0 0 0 0 0 0
52 3 1 1 1 0 0 0 0 0
53 2 0 0 0 0 0 0 0 0
58 2 0 0 0 0 0 0 0 0
63 1 0 0 0 0 0 1 0 0
64 2 1 1 0 0 0 0 0 0
66 1 0 0 1 0 0 0 0 0
73 1 0 0 0 0 0 0 0 0
75 2 1 1 0 0 0 0 0 0
81 4 1 1 1 0 0 0 0 0
85 3 0 0 2 0 0 0 0 0
88 3 0 0 1 0 0 0 0 0
105 2 0 0 1 0 0 0 0 0
fn=pthread_mutex_unlock@@GLIBC_2.2.5
369 2 1 1 0 0 0 0 0 0
fl=./posix/../malloc/dynarray-skeleton.c
fn=__unregister_atfork
243 2 0 0 2 1 1 0 0 0
fl=./posix/../sysdeps/unix/syscall-template.S
fn=uname
120 4 1 1 0 0 0 0 0 0
122 1 0 0 1 0 0 0 0 0
fl=./posix/../sysdeps/unix/sysv/linux/_exit.c
fn=_Exit
27 1 1 1 1 1 1 0 0 0
30 3 0 0 0 0 0 0 0 0
31 2 0 0 0 0 0 0 0 0
fl=./posix/./posix/register-atfork.c
fn=__unregister_atfork
72 4 0 0 0 0 0 0 0 0
83 4 1 1 0 0 0 2 0 0
84 8 1 1 2 1 1 0 0 0
110 8 1 1 4 0 0 0 0 0
111 4 1 1 4 0 0 0 0 0
fl=./resource/../sysdeps/unix/sysv/linux/getrlimit64.c
fn=getrlimit
38 1 1 1 0 0 0 0 0 0
39 7 0 0 0 0 0 0 0 0
40 1 0 0 1 0 0 0 0 0
fl=./setjmp/../sysdeps/x86_64/bsd-_setjmp.S
fn=_setjmp
30 1 1 1 0 0 0 0 0 0
32 1 0 0 0 0 0 0 0 0
fl=./setjmp/../sysdeps/x86_64/setjmp.S
fn=__sigsetjmp
32 4 2 2 0 0 0 4 2 2
41 4 0 0 0 0 0 0 0 0
42 8 1 1 4 0 0 0 0 0
43 4 0 0 0 0 0 4 0 0
47 4 0 0 0 0 0 4 0 0
48 4 0 0 0 0 0 4 0 0
49 4 0 0 0 0 0 4 0 0
50 4 0 0 0 0 0 4 0 0
51 4 0 0 0 0 0 0 0 0
53 8 0 0 4 0 0 0 0 0
55 4 0 0 0 0 0 4 0 0
56 4 0 0 4 0 0 0 0 0
59 8 1 1 4 0 0 0 0 0
61 4 1 1 0 0 0 4 0 0
80 3 0 0 0 0 0 0 0 0
81 3 0 0 3 0 0 0 0 0
84 1 0 0 0 0 0 0 0 0
fl=./setjmp/./setjmp/sigjmp.c
fn=__sigjmp_save
28 2 0 0 0 0 0 1 0 0
29 1 0 0 0 0 0 1 0 0
30 2 0 0 0 0 0 0 0 0
34 3 0 0 2 0 0 0 0 0
fl=./stdlib/./stdlib/cxa_atexit.c
fn=__cxa_atexit
70 2 1 1 0 0 0 0 0 0
fn=__internal_atexit
36 5 1 1 0 0 0 5 0 0
41 2 0 0 0 0 0 0 0 0
43 9 1 1 1 1 0 0 0 0
44 2 0 0 0 0 0 1 0 0
46 2 0 0 0 0 0 0 0 0
53 3 0 0 1 0 0 0 0 0
55 1 0 0 0 0 0 1 0 0
56 1 0 0 0 0 0 1 1 0
57 1 0 0 0 0 0 1 0 0
58 1 0 0 0 0 0 1 0 0
59 4 1 1 2 0 0 0 0 0
60 1 0 0 0 0 0 0 0 0
61 7 0 0 6 0 0 0 0 0
fn=__new_exitfn
82 4 0 0 0 0 0 2 0 0
83 2 0 0 0 0 0 0 0 0
88 2 1 1 1 1 0 0 0 0
93 8 0 0 2 1 0 0 0 0
95 4 1 1 1 0 0 0 0 0
103 1 0 0 0 0 0 1 0 0
124 1 0 0 0 0 0 0 0 0
125 2 1 1 0 0 0 1 0 0
138 1 1 1 0 0 0 1 0 0
139 1 0 0 1 0 0 0 0 0
143 5 0 0 3 0 0 0 0 0
fl=./stdlib/./stdlib/cxa_finalize.c
fn=__cxa_finalize
30 16 1 1 0 0 0 12 0 0
33 12 0 0 2 0 0 0 0 0
36 12 1 1 4 0 0 0 0 0
40 14 1 1 2 0 0 0 0 0
94 12 0 0 4 0 0 0 0 0
98 14 1 1 2 1 1 0 0 0
105 4 1 1 0 0 0 0 0 0
106 4 0 0 0 0 0 2 0 0
107 8 0 0 4 0 0 0 0 0
108 16 0 0 14 0 0 0 0 0
fl=./stdlib/./stdlib/cxa_thread_atexit_impl.c
fn=__call_tls_dtors
149 3 1 1 0 0 0 2 1 0
150 4 0 0 2 2 2 0 0 0
168 4 1 1 3 0 0 0 0 0
fl=./stdlib/./stdlib/exit.c
fn=__run_exit_handlers
40 10 1 1 0 0 0 7 1 0
45 2 0 0 0 0 0 0 0 0
46 2 1 1 0 0 0 1 0 0
48 5 0 0 1 1 1 0 0 0
56 1 0 0 1 1 1 0 0 0
58 3 1 1 0 0 0 0 0 0
62 1 1 1 0 0 0 1 1 1
66 6 0 0 2 0 0 0 0 0
68 2 0 0 0 0 0 1 0 0
71 7 1 1 1 0 0 0 0 0
98 1 0 0 0 0 0 0 0 0
105 2 1 1 0 0 0 1 0 0
106 1 0 0 1 0 0 0 0 0
107 1 0 0 1 1 1 0 0 0
109 2 0 0 1 1 1 0 0 0
112 4 0 0 2 0 0 0 0 0
113 3 1 1 0 0 0 1 0 0
114 4 0 0 1 0 0 0 0 0
124 2 1 1 1 0 0 1 0 0
125 2 0 0 0 0 0 0 0 0
131 4 0 0 2 0 0 0 0 0
133 2 0 0 1 0 0 0 0 0
134 9 0 0 1 1 1 1 0 0
136 2 1 1 0 0 0 1 0 0
fn=exit
142 1 1 1 0 0 0 0 0 0
143 4 0 0 0 0 0 1 0 0
fl=./string/../include/rtld-malloc.h
fn=strdup
56 6 0 0 3 0 0 3 0 0
fl=./string/../string/strcspn.c
fn=strcspn
32 3 1 1 0 0 0 1 0 0
33 3 0 0 1 1 1 0 0 0
34 2 0 0 1 0 0 0 0 0
39 6 1 1 0 0 0 4 2 2
40 4 0 0 0 0 0 4 1 1
41 4 0 0 0 0 0 4 1 1
42 4 1 1 0 0 0 4 0 0
44 1 0 0 0 0 0 0 0 0
47 9 0 0 3 0 0 3 0 0
48 6 0 0 0 0 0 0 0 0
51 4 0 0 2 0 0 0 0 0
52 4 1 1 2 0 0 0 0 0
53 4 0 0 2 0 0 0 0 0
54 4 0 0 2 0 0 0 0 0
56 3 0 0 0 0 0 0 0 0
61 13 0 0 0 0 0 0 0 0
62 26 0 0 26 0 0 0 0 0
63 26 0 0 26 0 0 0 0 0
64 26 1 1 26 0 0 0 0 0
65 13 0 0 13 0 0 0 0 0
67 78 0 0 13 0 0 0 0 0
69 1 0 0 0 0 0 0 0 0
70 4 0 0 0 0 0 0 0 0
71 3 0 0 2 0 0 0 0 0
fl=./string/../sysdeps/x86/cacheinfo.c
fn=__x86_cacheinfo
86 2 0 0 1 0 0 0 0 0
fl=./string/../sysdeps/x86/cacheinfo.h
fn=__x86_cacheinfo
61 1 1 1 1 0 0 0 0 0
64 3 0 0 1 1 0 0 0 0
66 3 0 0 0 0 0 1 0 0
67 1 0 0 0 0 0 1 1 1
73 3 0 0 1 0 0 0 0 0
75 3 0 0 0 0 0 1 0 0
76 1 1 1 0 0 0 1 0 0
80 2 0 0 1 0 0 1 1 1
82 2 0 0 1 0 0 1 0 0
83 2 0 0 1 1 0 1 1 1
84 2 1 1 1 0 0 1 0 0
86 2 0 0 1 0 0 0 0 0
fl=./string/../sysdeps/x86_64/multiarch/../strchr.S
fn=index
24 15 1 1 0 0 0 0 0 0
25 15 0 0 0 0 0 0 0 0
26 15 0 0 0 0 0 0 0 0
27 15 0 0 0 0 0 0 0 0
28 15 1 1 0 0 0 0 0 0
29 15 0 0 0 0 0 0 0 0
30 15 0 0 0 0 0 0 0 0
31 15 0 0 0 0 0 0 0 0
32 15 0 0 15 2 2 0 0 0
33 15 0 0 0 0 0 0 0 0
34 15 0 0 0 0 0 0 0 0
35 15 0 0 0 0 0 0 0 0
36 15 0 0 0 0 0 0 0 0
37 15 0 0 0 0 0 0 0 0
38 15 0 0 0 0 0 0 0 0
39 15 0 0 0 0 0 0 0 0
40 15 0 0 0 0 0 0 0 0
41 13 0 0 0 0 0 0 0 0
45 13 0 0 0 0 0 0 0 0
46 13 0 0 0 0 0 0 0 0
47 13 1 1 13 0 0 0 0 0
48 13 0 0 0 0 0 0 0 0
50 13 0 0 13 0 0 0 0 0
54 2 0 0 2 0 0 0 0 0
55 2 0 0 0 0 0 0 0 0
56 2 0 0 0 0 0 0 0 0
57 2 0 0 0 0 0 0 0 0
58 2 0 0 0 0 0 0 0 0
59 2 0 0 0 0 0 0 0 0
60 2 0 0 2 0 0 0 0 0
61 2 0 0 0 0 0 0 0 0
62 2 0 0 0 0 0 0 0 0
63 2 0 0 0 0 0 0 0 0
64 2 0 0 0 0 0 0 0 0
65 2 0 0 0 0 0 0 0 0
66 2 0 0 0 0 0 0 0 0
67 2 1 1 2 1 1 0 0 0
68 2 0 0 0 0 0 0 0 0
69 2 0 0 0 0 0 0 0 0
70 2 0 0 0 0 0 0 0 0
71 2 0 0 0 0 0 0 0 0
72 2 0 0 0 0 0 0 0 0
73 2 0 0 0 0 0 0 0 0
74 2 0 0 0 0 0 0 0 0
75 2 0 0 0 0 0 0 0 0
76 2 0 0 0 0 0 0 0 0
77 2 0 0 0 0 0 0 0 0
129 2 1 1 0 0 0 0 0 0
133 2 0 0 0 0 0 0 0 0
134 2 0 0 0 0 0 0 0 0
135 2 0 0 2 0 0 0 0 0
136 2 0 0 0 0 0 0 0 0
138 2 0 0 2 0 0 0 0 0
fl=./string/../sysdeps/x86_64/multiarch/../strrchr.S
fn=__strrchr_sse2
41 1 1 1 0 0 0 0 0 0
42 1 0 0 0 0 0 0 0 0
43 1 0 0 0 0 0 0 0 0
45 1 0 0 0 0 0 0 0 0
46 1 1 1 0 0 0 0 0 0
48 1 0 0 0 0 0 0 0 0
49 1 0 0 0 0 0 0 0 0
50 1 0 0 0 0 0 0 0 0
53 1 0 0 1 1 0 0 0 0
54 1 0 0 0 0 0 0 0 0
55 1 0 0 0 0 0 0 0 0
56 1 0 0 0 0 0 0 0 0
57 1 0 0 0 0 0 0 0 0
58 1 0 0 0 0 0 0 0 0
60 1 0 0 0 0 0 0 0 0
61 1 0 0 0 0 0 0 0 0
62 1 0 0 0 0 0 0 0 0
63 1 0 0 0 0 0 0 0 0
64 1 0 0 0 0 0 0 0 0
65 1 0 0 0 0 0 0 0 0
66 1 0 0 0 0 0 0 0 0
67 1 1 1 0 0 0 0 0 0
75 1 0 0 1 0 0 0 0 0
fl=./string/../sysdeps/x86_64/multiarch/ifunc-avx2.h
fn=memrchr
32 2 1 1 0 0 0 0 0 0
33 5 1 1 2 0 0 0 0 0
fn=rindex
32 2 0 0 0 0 0 0 0 0
33 5 1 1 2 0 0 0 0 0
fn=strchrnul
32 2 0 0 0 0 0 0 0 0
33 5 1 1 2 0 0 0 0 0
fn=strlen
32 2 0 0 0 0 0 0 0 0
33 5 2 2 2 0 0 0 0 0
fn=strnlen
32 4 1 1 0 0 0 0 0 0
33 10 1 1 4 1 0 0 0 0
fl=./string/../sysdeps/x86_64/multiarch/ifunc-evex.h
fn=memchr
34 2 0 0 0 0 0 0 0 0
35 5 2 2 2 0 0 0 0 0
fn=rawmemchr
34 2 0 0 0 0 0 0 0 0
35 5 1 1 2 0 0 0 0 0
fl=./string/../sysdeps/x86_64/multiarch/ifunc-memcmp.h
fn=bcmp
33 4 1 1 2 0 0 0 0 0
34 3 1 1 1 0 0 0 0 0
49 4 1 1 0 0 0 0 0 0
fl=./string/../sysdeps/x86_64/multiarch/ifunc-memmove.h
fn=memcpy@@GLIBC_2.14
52 2 0 0 0 0 0 0 0 0
53 3 1 1 2 0 0 0 0 0
56 3 0 0 1 0 0 0 0 0
57 2 1 1 0 0 0 0 0 0
70 2 0 0 0 0 0 0 0 0
97 2 1 1 1 0 0 0 0 0
98 2 0 0 0 0 0 0 0 0
100 5 1 1 1 0 0 0 0 0
fn=memmove
52 2 0 0 0 0 0 0 0 0
53 3 1 1 2 0 0 0 0 0
56 3 0 0 1 0 0 0 0 0
57 2 1 1 0 0 0 0 0 0
70 2 0 0 0 0 0 0 0 0
97 2 1 1 1 0 0 0 0 0
98 2 0 0 0 0 0 0 0 0
100 5 1 1 1 0 0 0 0 0
fn=mempcpy
52 2 0 0 0 0 0 0 0 0
53 3 1 1 2 0 0 0 0 0
56 3 1 1 1 0 0 0 0 0
57 2 1 1 0 0 0 0 0 0
70 2 0 0 0 0 0 0 0 0
97 2 0 0 1 0 0 0 0 0
98 2 0 0 0 0 0 0 0 0
100 5 1 1 1 0 0 0 0 0
fl=./string/../sysdeps/x86_64/multiarch/ifunc-memset.h
fn=memset
50 5 1 1 2 0 0 0 0 0
53 3 1 1 1 0 0 0 0 0
54 2 1 1 0 0 0 0 0 0
60 2 0 0 0 0 0 0 0 0
69 2 0 0 0 0 0 0 0 0
98 4 0 0 0 0 0 0 0 0
fl=./string/../sysdeps/x86_64/multiarch/ifunc-sse4_2.h
fn=strcspn
30 5 1 1 2 0 0 0 0 0
fn=strpbrk
30 5 1 1 2 1 0 0 0 0
fn=strspn
30 5 1 1 2 0 0 0 0 0
fl=./string/../sysdeps/x86_64/multiarch/ifunc-strcasecmp.h
fn=strcasecmp
34 4 2 2 2 0 0 0 0 0
48 4 1 1 1 0 0 0 0 0
49 2 0 0 1 0 0 0 0 0
fn=strcasecmp_l
34 4 1 1 2 0 0 0 0 0
48 4 1 1 1 0 0 0 0 0
49 2 0 0 1 0 0 0 0 0
fn=strncasecmp
34 4 1 1 2 0 0 0 0 0
48 4 1 1 1 0 0 0 0 0
49 2 0 0 1 0 0 0 0 0
fn=strncasecmp_l
34 4 1 1 2 0 0 0 0 0
48 4 1 1 1 0 0 0 0 0
49 2 0 0 1 0 0 0 0 0
fl=./string/../sysdeps/x86_64/multiarch/ifunc-strcpy.h
fn=stpcpy
36 4 1 1 2 0 0 0 0 0
37 3 0 0 1 0 0 0 0 0
50 3 0 0 0 0 0 0 0 0
fn=stpncpy
36 4 1 1 2 0 0 0 0 0
37 3 0 0 1 0 0 0 0 0
50 3 1 1 0 0 0 0 0 0
fn=strcat
36 4 1 1 2 0 0 0 0 0
37 3 0 0 1 0 0 0 0 0
50 3 0 0 0 0 0 0 0 0
fn=strcpy
36 4 1 1 2 0 0 0 0 0
37 3 0 0 1 0 0 0 0 0
50 3 0 0 0 0 0 0 0 0
fn=strncpy
36 4 1 1 2 0 0 0 0 0
37 3 0 0 1 0 0 0 0 0
50 3 0 0 0 0 0 0 0 0
fl=./string/../sysdeps/x86_64/multiarch/memchr.c
fn=memchr
29 1 0 0 1 0 0 0 0 0
fl=./string/../sysdeps/x86_64/multiarch/memcmp.c
fn=bcmp
29 1 0 0 1 0 0 0 0 0
fl=./string/../sysdeps/x86_64/multiarch/memmove-vec-unaligned-erms.S
fn=memcpy
219 14 1 1 0 0 0 0 0 0
225 43 0 0 0 0 0 0 0 0
226 43 0 0 0 0 0 0 0 0
228 13 0 0 13 1 0 0 0 0
229 13 0 0 0 0 0 0 0 0
230 13 0 0 0 0 0 0 0 0
232 9 0 0 9 0 0 0 0 0
233 9 0 0 0 0 0 9 3 3
234 9 0 0 0 0 0 9 0 0
236 9 0 0 9 0 0 0 0 0
316 30 1 1 0 0 0 0 0 0
317 30 0 0 0 0 0 0 0 0
319 10 0 0 0 0 0 0 0 0
323 10 0 0 0 0 0 0 0 0
324 4 0 0 0 0 0 0 0 0
325 4 0 0 0 0 0 0 0 0
326 3 0 0 3 2 2 0 0 0
327 3 0 0 0 0 0 0 0 0
328 2 0 0 2 0 0 0 0 0
329 2 0 0 0 0 0 2 0 0
331 3 0 0 0 0 0 3 1 1
333 4 0 0 4 0 0 0 0 0
339 6 0 0 6 0 0 0 0 0
340 6 0 0 6 0 0 0 0 0
341 6 0 0 0 0 0 6 1 1
342 6 0 0 0 0 0 6 0 0
343 6 0 0 6 0 0 0 0 0
372 20 0 0 20 0 0 0 0 0
373 20 0 0 20 0 0 0 0 0
374 20 0 0 0 0 0 20 3 3
375 20 0 0 0 0 0 20 0 0
376 20 1 1 20 0 0 0 0 0
383 4 0 0 4 0 0 0 0 0
384 4 0 0 4 0 0 0 0 0
385 4 0 0 0 0 0 4 2 2
386 4 0 0 0 0 0 4 0 0
387 4 0 0 0 0 0 4 2 2
388 4 0 0 0 0 0 4 0 0
389 4 0 0 4 0 0 0 0 0
400 4 0 0 0 0 0 0 0 0
401 4 0 0 0 0 0 0 0 0
403 4 0 0 4 0 0 0 0 0
404 4 0 0 0 0 0 0 0 0
405 4 0 0 0 0 0 0 0 0
fn=mempcpy
206 29 0 0 0 0 0 0 0 0
207 29 0 0 0 0 0 0 0 0
208 29 0 0 0 0 0 0 0 0
fl=./string/../sysdeps/x86_64/multiarch/memrchr.c
fn=memrchr
29 1 0 0 1 0 0 0 0 0
fl=./string/../sysdeps/x86_64/multiarch/memset-vec-unaligned-erms.S
fn=memset
141 65 1 1 0 0 0 0 0 0
146 13 0 0 0 0 0 0 0 0
147 13 0 0 0 0 0 0 0 0
150 6 0 0 0 0 0 0 0 0
151 6 0 0 0 0 0 0 0 0
189 4 0 0 0 0 0 4 0 0
190 4 0 0 0 0 0 4 0 0
192 4 0 0 4 0 0 0 0 0
252 6 0 0 0 0 0 6 3 3
253 6 0 0 0 0 0 6 2 2
265 6 0 0 0 0 0 0 0 0
268 6 0 0 0 0 0 0 0 0
269 6 1 1 0 0 0 0 0 0
281 2 0 0 0 0 0 2 0 0
282 2 0 0 0 0 0 2 0 0
295 2 0 0 0 0 0 0 0 0
296 2 0 0 0 0 0 0 0 0
298 2 0 0 0 0 0 0 0 0
301 1 0 0 0 0 0 0 0 0
304 2 0 0 0 0 0 0 0 0
307 29 0 0 0 0 0 29 0 0
308 29 0 0 0 0 0 29 0 0
309 29 0 0 0 0 0 29 29 29
310 29 0 0 0 0 0 29 0 0
311 29 0 0 0 0 0 0 0 0
312 29 0 0 0 0 0 0 0 0
313 29 0 0 0 0 0 0 0 0
316 2 0 0 0 0 0 2 1 1
317 2 0 0 0 0 0 2 0 0
318 2 0 0 0 0 0 2 0 0
319 2 0 0 0 0 0 2 0 0
324 2 0 0 2 0 0 0 0 0
358 7 1 1 0 0 0 0 0 0
360 7 0 0 0 0 0 0 0 0
361 7 0 0 0 0 0 0 0 0
362 6 0 0 0 0 0 0 0 0
363 6 0 0 0 0 0 0 0 0
364 2 0 0 0 0 0 0 0 0
365 2 0 0 0 0 0 0 0 0
400 1 0 0 0 0 0 1 1 1
401 1 0 0 0 0 0 1 0 0
403 1 0 0 1 0 0 0 0 0
414 4 0 0 0 0 0 4 0 0
415 4 0 0 0 0 0 4 0 0
417 4 0 0 4 0 0 0 0 0
428 2 1 1 0 0 0 2 0 0
429 2 0 0 0 0 0 2 0 0
431 2 0 0 2 0 0 0 0 0
fl=./string/../sysdeps/x86_64/multiarch/memset.c
fn=memset
29 1 0 0 1 0 0 0 0 0
fl=./string/../sysdeps/x86_64/multiarch/rawmemchr.c
fn=rawmemchr
31 1 0 0 1 0 0 0 0 0
fl=./string/../sysdeps/x86_64/multiarch/stpcpy.c
fn=stpcpy
33 1 1 1 1 0 0 0 0 0
fl=./string/../sysdeps/x86_64/multiarch/stpncpy.c
fn=stpncpy
31 1 0 0 1 0 0 0 0 0
fl=./string/../sysdeps/x86_64/multiarch/strcasecmp.c
fn=strcasecmp
31 1 0 0 1 0 0 0 0 0
fl=./string/../sysdeps/x86_64/multiarch/strcasecmp_l.c
fn=strcasecmp_l
31 1 0 0 1 0 0 0 0 0
fl=./string/../sysdeps/x86_64/multiarch/strcat.c
fn=strcat
29 1 1 1 1 0 0 0 0 0
fl=./string/../sysdeps/x86_64/multiarch/strchr.c
fn=index
40 2 0 0 0 0 0 0 0 0
41 4 1 1 2 0 0 0 0 0
42 3 1 1 1 0 0 0 0 0
55 4 0 0 0 0 0 0 0 0
61 1 0 0 1 0 0 0 0 0
fl=./string/../sysdeps/x86_64/multiarch/strchrnul.c
fn=strchrnul
31 1 0 0 1 0 0 0 0 0
fl=./string/../sysdeps/x86_64/multiarch/strcmp.c
fn=strcmp
42 4 1 1 2 0 0 0 0 0
43 3 0 0 1 0 0 0 0 0
57 4 1 1 1 0 0 0 0 0
58 2 0 0 0 0 0 0 0 0
70 1 1 1 1 0 0 0 0 0
fl=./string/../sysdeps/x86_64/multiarch/strcpy.c
fn=strcpy
29 1 1 1 1 0 0 0 0 0
fl=./string/../sysdeps/x86_64/multiarch/strcspn.c
fn=strcspn
29 1 0 0 1 0 0 0 0 0
fl=./string/../sysdeps/x86_64/multiarch/strlen-vec.S
fn=strlen
89 16 1 1 0 0 0 0 0 0
90 16 0 0 0 0 0 0 0 0
91 16 0 0 0 0 0 0 0 0
92 16 0 0 0 0 0 0 0 0
93 16 1 1 0 0 0 0 0 0
94 16 0 0 0 0 0 0 0 0
95 16 0 0 0 0 0 0 0 0
97 16 0 0 0 0 0 0 0 0
99 16 0 0 0 0 0 0 0 0
130 15 0 0 15 2 2 0 0 0
131 15 0 0 0 0 0 0 0 0
132 15 0 0 0 0 0 0 0 0
133 15 0 0 0 0 0 0 0 0
134 15 0 0 0 0 0 0 0 0
135 9 0 0 0 0 0 0 0 0
137 9 0 0 9 0 0 0 0 0
141 6 0 0 0 0 0 0 0 0
142 6 0 0 6 0 0 0 0 0
143 6 0 0 6 0 0 0 0 0
144 6 0 0 6 0 0 0 0 0
145 6 1 1 0 0 0 0 0 0
146 6 0 0 0 0 0 0 0 0
147 6 0 0 0 0 0 0 0 0
148 6 0 0 0 0 0 0 0 0
149 6 0 0 0 0 0 0 0 0
150 6 0 0 0 0 0 0 0 0
151 6 0 0 0 0 0 0 0 0
152 6 0 0 0 0 0 0 0 0
157 48 0 0 6 0 0 0 0 0
161 1 1 1 0 0 0 0 0 0
162 14 0 0 4 1 1 0 0 0
163 8 1 1 1 0 0 0 0 0
fl=./string/../sysdeps/x86_64/multiarch/strlen.c
fn=strlen
29 1 0 0 1 0 0 0 0 0
fl=./string/../sysdeps/x86_64/multiarch/strncase.c
fn=strncasecmp
31 1 0 0 1 0 0 0 0 0
fl=./string/../sysdeps/x86_64/multiarch/strncase_l.c
fn=strncasecmp_l
31 1 1 1 1 0 0 0 0 0
fl=./string/../sysdeps/x86_64/multiarch/strncmp.c
fn=strncmp
41 4 1 1 2 0 0 0 0 0
56 4 1 1 1 0 0 0 0 0
57 2 0 0 1 0 0 0 0 0
66 1 1 1 1 0 0 0 0 0
fl=./string/../sysdeps/x86_64/multiarch/strncpy.c
fn=strncpy
29 1 1 1 1 0 0 0 0 0
fl=./string/../sysdeps/x86_64/multiarch/strnlen.c
fn=strnlen
31 2 0 0 2 0 0 0 0 0
fl=./string/../sysdeps/x86_64/multiarch/strpbrk.c
fn=strpbrk
29 1 0 0 1 0 0 0 0 0
fl=./string/../sysdeps/x86_64/multiarch/strrchr.c
fn=rindex
28 1 0 0 1 0 0 0 0 0
fl=./string/../sysdeps/x86_64/multiarch/strspn.c
fn=strspn
29 1 1 1 1 0 0 0 0 0
fl=./string/../sysdeps/x86_64/strcmp.S
fn=strcmp
142 149 1 1 0 0 0 0 0 0
143 149 0 0 0 0 0 0 0 0
145 149 0 0 0 0 0 0 0 0
146 149 0 0 0 0 0 0 0 0
167 149 0 0 0 0 0 0 0 0
168 149 0 0 0 0 0 0 0 0
169 138 0 0 0 0 0 0 0 0
170 138 0 0 0 0 0 0 0 0
171 117 0 0 117 11 9 0 0 0
172 117 0 0 117 4 3 0 0 0
173 117 0 0 117 0 0 0 0 0
174 117 0 0 117 0 0 0 0 0
191 117 0 0 0 0 0 0 0 0
192 117 0 0 0 0 0 0 0 0
193 117 1 1 0 0 0 0 0 0
194 117 0 0 0 0 0 0 0 0
195 117 0 0 0 0 0 0 0 0
196 117 0 0 0 0 0 0 0 0
197 117 0 0 0 0 0 0 0 0
202 6 0 0 0 0 0 0 0 0
203 6 0 0 0 0 0 0 0 0
212 38 0 0 0 0 0 0 0 0
213 38 0 0 0 0 0 0 0 0
214 38 0 0 0 0 0 0 0 0
215 38 0 0 0 0 0 0 0 0
216 38 0 0 0 0 0 0 0 0
217 38 0 0 0 0 0 0 0 0
218 38 0 0 0 0 0 0 0 0
219 38 0 0 0 0 0 0 0 0
220 35 0 0 0 0 0 0 0 0
221 22 0 0 0 0 0 0 0 0
222 22 0 0 0 0 0 0 0 0
223 22 1 1 0 0 0 0 0 0
225 35 0 0 0 0 0 0 0 0
226 35 0 0 0 0 0 0 0 0
227 35 0 0 0 0 0 0 0 0
228 35 0 0 35 4 2 0 0 0
229 35 0 0 0 0 0 0 0 0
230 35 0 0 0 0 0 0 0 0
240 3 0 0 3 1 1 0 0 0
241 3 0 0 0 0 0 0 0 0
242 3 0 0 0 0 0 0 0 0
244 3 0 0 3 0 0 0 0 0
250 3 0 0 0 0 0 0 0 0
251 3 0 0 0 0 0 0 0 0
252 3 0 0 0 0 0 0 0 0
253 3 0 0 0 0 0 0 0 0
254 3 1 1 0 0 0 0 0 0
259 3 0 0 0 0 0 0 0 0
261 2 0 0 0 0 0 0 0 0
262 2 0 0 0 0 0 0 0 0
263 4 0 0 0 0 0 0 0 0
271 2 0 0 2 0 0 0 0 0
272 2 0 0 2 0 0 0 0 0
275 2 0 0 0 0 0 0 0 0
276 2 0 0 0 0 0 0 0 0
277 2 0 0 0 0 0 0 0 0
278 2 0 0 0 0 0 0 0 0
279 2 0 0 0 0 0 0 0 0
280 2 1 1 0 0 0 0 0 0
565 1 1 1 0 0 0 0 0 0
566 1 0 0 1 0 0 0 0 0
567 1 0 0 1 0 0 0 0 0
568 1 0 0 0 0 0 0 0 0
569 1 0 0 0 0 0 0 0 0
571 1 0 0 0 0 0 0 0 0
572 1 0 0 0 0 0 0 0 0
573 1 0 0 0 0 0 0 0 0
574 1 0 0 0 0 0 0 0 0
575 1 0 0 0 0 0 0 0 0
576 1 0 0 0 0 0 0 0 0
577 1 0 0 0 0 0 0 0 0
578 1 0 0 1 0 0 0 0 0
582 1 0 0 0 0 0 0 0 0
583 1 0 0 0 0 0 0 0 0
584 1 1 1 0 0 0 0 0 0
590 1 0 0 0 0 0 0 0 0
591 1 0 0 0 0 0 0 0 0
592 2 0 0 0 0 0 0 0 0
596 1 0 0 0 0 0 0 0 0
597 1 0 0 0 0 0 0 0 0
600 1 0 0 1 0 0 0 0 0
601 1 0 0 1 0 0 0 0 0
602 1 0 0 0 0 0 0 0 0
605 1 0 0 0 0 0 0 0 0
606 1 1 1 0 0 0 0 0 0
607 1 0 0 0 0 0 0 0 0
613 1 0 0 0 0 0 0 0 0
614 1 0 0 0 0 0 0 0 0
615 1 0 0 0 0 0 0 0 0
616 1 0 0 0 0 0 0 0 0
617 1 0 0 0 0 0 0 0 0
618 1 0 0 0 0 0 0 0 0
690 1 1 1 0 0 0 0 0 0
691 1 0 0 1 1 1 0 0 0
692 1 0 0 1 0 0 0 0 0
693 1 0 0 0 0 0 0 0 0
694 1 0 0 0 0 0 0 0 0
696 1 0 0 0 0 0 0 0 0
697 1 0 0 0 0 0 0 0 0
698 1 0 0 0 0 0 0 0 0
699 1 0 0 0 0 0 0 0 0
700 1 0 0 0 0 0 0 0 0
701 1 0 0 0 0 0 0 0 0
702 1 0 0 0 0 0 0 0 0
703 1 0 0 1 0 0 0 0 0
707 1 0 0 0 0 0 0 0 0
708 1 0 0 0 0 0 0 0 0
709 1 1 1 0 0 0 0 0 0
715 1 0 0 0 0 0 0 0 0
716 1 0 0 0 0 0 0 0 0
717 2 0 0 0 0 0 0 0 0
721 1 0 0 0 0 0 0 0 0
722 1 0 0 0 0 0 0 0 0
725 1 0 0 1 0 0 0 0 0
726 1 0 0 1 1 1 0 0 0
727 1 0 0 0 0 0 0 0 0
730 1 0 0 0 0 0 0 0 0
731 1 1 1 0 0 0 0 0 0
732 1 0 0 0 0 0 0 0 0
738 1 0 0 0 0 0 0 0 0
739 1 0 0 0 0 0 0 0 0
740 1 0 0 0 0 0 0 0 0
741 1 0 0 0 0 0 0 0 0
742 1 0 0 0 0 0 0 0 0
743 1 0 0 0 0 0 0 0 0
750 1 0 0 0 0 0 0 0 0
751 1 0 0 0 0 0 0 0 0
753 1 0 0 0 0 0 0 0 0
754 1 0 0 0 0 0 0 0 0
756 1 0 0 1 0 0 0 0 0
757 1 0 0 1 0 0 0 0 0
758 1 0 0 0 0 0 0 0 0
761 1 1 1 0 0 0 0 0 0
762 1 0 0 0 0 0 0 0 0
763 1 0 0 0 0 0 0 0 0
769 1 0 0 0 0 0 0 0 0
770 1 0 0 0 0 0 0 0 0
771 1 0 0 0 0 0 0 0 0
772 1 0 0 0 0 0 0 0 0
773 1 0 0 0 0 0 0 0 0
774 1 0 0 0 0 0 0 0 0
815 2 1 1 0 0 0 0 0 0
816 2 0 0 2 1 0 0 0 0
817 2 0 0 2 0 0 0 0 0
818 2 0 0 0 0 0 0 0 0
819 2 0 0 0 0 0 0 0 0
821 2 0 0 0 0 0 0 0 0
822 2 0 0 0 0 0 0 0 0
823 2 0 0 0 0 0 0 0 0
824 2 0 0 0 0 0 0 0 0
825 2 0 0 0 0 0 0 0 0
826 2 0 0 0 0 0 0 0 0
827 2 0 0 0 0 0 0 0 0
828 1 0 0 1 0 0 0 0 0
832 1 0 0 0 0 0 0 0 0
833 1 0 0 0 0 0 0 0 0
834 1 1 1 0 0 0 0 0 0
840 1 0 0 0 0 0 0 0 0
841 1 0 0 0 0 0 0 0 0
842 2 0 0 0 0 0 0 0 0
846 1 0 0 0 0 0 0 0 0
847 1 0 0 0 0 0 0 0 0
850 1 0 0 1 0 0 0 0 0
851 1 0 0 1 1 1 0 0 0
852 1 0 0 0 0 0 0 0 0
855 1 0 0 0 0 0 0 0 0
856 1 1 1 0 0 0 0 0 0
857 1 0 0 0 0 0 0 0 0
863 1 0 0 0 0 0 0 0 0
864 1 0 0 0 0 0 0 0 0
865 1 0 0 0 0 0 0 0 0
866 1 0 0 0 0 0 0 0 0
867 1 0 0 0 0 0 0 0 0
868 1 0 0 0 0 0 0 0 0
940 4 1 1 0 0 0 0 0 0
941 4 0 0 4 0 0 0 0 0
942 4 0 0 4 0 0 0 0 0
943 4 0 0 0 0 0 0 0 0
944 4 0 0 0 0 0 0 0 0
946 4 0 0 0 0 0 0 0 0
947 4 0 0 0 0 0 0 0 0
948 4 0 0 0 0 0 0 0 0
949 4 0 0 0 0 0 0 0 0
950 4 0 0 0 0 0 0 0 0
951 4 0 0 0 0 0 0 0 0
952 4 0 0 0 0 0 0 0 0
953 1 0 0 1 0 0 0 0 0
957 1 0 0 0 0 0 0 0 0
958 1 0 0 0 0 0 0 0 0
959 1 1 1 0 0 0 0 0 0
965 1 0 0 0 0 0 0 0 0
966 1 0 0 0 0 0 0 0 0
967 2 0 0 0 0 0 0 0 0
971 1 0 0 0 0 0 0 0 0
972 1 0 0 0 0 0 0 0 0
975 1 0 0 1 0 0 0 0 0
976 1 0 0 1 0 0 0 0 0
977 1 0 0 0 0 0 0 0 0
980 1 0 0 0 0 0 0 0 0
981 1 1 1 0 0 0 0 0 0
982 1 0 0 0 0 0 0 0 0
988 1 0 0 0 0 0 0 0 0
989 1 0 0 0 0 0 0 0 0
990 1 0 0 0 0 0 0 0 0
991 1 0 0 0 0 0 0 0 0
992 1 0 0 0 0 0 0 0 0
993 1 0 0 0 0 0 0 0 0
1000 1 0 0 0 0 0 0 0 0
1001 1 0 0 0 0 0 0 0 0
1003 1 0 0 0 0 0 0 0 0
1004 1 0 0 0 0 0 0 0 0
1006 1 0 0 1 0 0 0 0 0
1007 1 0 0 1 1 1 0 0 0
1008 1 0 0 0 0 0 0 0 0
1011 1 1 1 0 0 0 0 0 0
1012 1 0 0 0 0 0 0 0 0
1013 1 0 0 0 0 0 0 0 0
1019 1 0 0 0 0 0 0 0 0
1020 1 0 0 0 0 0 0 0 0
1021 1 0 0 0 0 0 0 0 0
1022 1 0 0 0 0 0 0 0 0
1023 1 0 0 0 0 0 0 0 0
1024 1 0 0 0 0 0 0 0 0
1065 2 1 1 0 0 0 0 0 0
1066 2 0 0 2 0 0 0 0 0
1067 2 0 0 2 0 0 0 0 0
1068 2 0 0 0 0 0 0 0 0
1069 2 0 0 0 0 0 0 0 0
1071 2 0 0 0 0 0 0 0 0
1072 2 0 0 0 0 0 0 0 0
1073 2 0 0 0 0 0 0 0 0
1074 2 0 0 0 0 0 0 0 0
1075 2 0 0 0 0 0 0 0 0
1076 2 0 0 0 0 0 0 0 0
1077 2 0 0 0 0 0 0 0 0
1190 2 2 1 0 0 0 0 0 0
1191 2 0 0 2 0 0 0 0 0
1192 2 0 0 2 0 0 0 0 0
1193 2 0 0 0 0 0 0 0 0
1194 2 0 0 0 0 0 0 0 0
1196 2 0 0 0 0 0 0 0 0
1197 2 0 0 0 0 0 0 0 0
1198 2 0 0 0 0 0 0 0 0
1199 2 0 0 0 0 0 0 0 0
1200 2 0 0 0 0 0 0 0 0
1201 2 0 0 0 0 0 0 0 0
1202 2 0 0 0 0 0 0 0 0
1315 2 1 1 0 0 0 0 0 0
1316 2 0 0 2 0 0 0 0 0
1317 2 0 0 2 0 0 0 0 0
1318 2 0 0 0 0 0 0 0 0
1319 2 0 0 0 0 0 0 0 0
1321 2 0 0 0 0 0 0 0 0
1322 2 0 0 0 0 0 0 0 0
1323 2 0 0 0 0 0 0 0 0
1324 2 0 0 0 0 0 0 0 0
1325 2 0 0 0 0 0 0 0 0
1326 2 0 0 0 0 0 0 0 0
1327 2 0 0 0 0 0 0 0 0
1440 1 1 1 0 0 0 0 0 0
1441 1 0 0 1 1 1 0 0 0
1442 1 0 0 1 0 0 0 0 0
1443 1 0 0 0 0 0 0 0 0
1444 1 0 0 0 0 0 0 0 0
1446 1 0 0 0 0 0 0 0 0
1447 1 0 0 0 0 0 0 0 0
1448 1 0 0 0 0 0 0 0 0
1449 1 0 0 0 0 0 0 0 0
1450 1 0 0 0 0 0 0 0 0
1451 1 0 0 0 0 0 0 0 0
1452 1 0 0 0 0 0 0 0 0
1453 1 0 0 1 0 0 0 0 0
1457 1 0 0 0 0 0 0 0 0
1458 1 0 0 0 0 0 0 0 0
1459 1 1 1 0 0 0 0 0 0
1465 1 0 0 0 0 0 0 0 0
1466 1 0 0 0 0 0 0 0 0
1467 2 0 0 0 0 0 0 0 0
1471 1 0 0 0 0 0 0 0 0
1472 1 0 0 0 0 0 0 0 0
1475 1 0 0 1 0 0 0 0 0
1476 1 0 0 1 1 1 0 0 0
1477 1 0 0 0 0 0 0 0 0
1480 1 0 0 0 0 0 0 0 0
1481 1 1 1 0 0 0 0 0 0
1482 1 0 0 0 0 0 0 0 0
1488 1 0 0 0 0 0 0 0 0
1489 1 0 0 0 0 0 0 0 0
1490 1 0 0 0 0 0 0 0 0
1491 1 0 0 0 0 0 0 0 0
1492 1 0 0 0 0 0 0 0 0
1493 1 0 0 0 0 0 0 0 0
1565 2 1 1 0 0 0 0 0 0
1566 2 0 0 2 2 2 0 0 0
1567 2 0 0 2 2 2 0 0 0
1568 2 0 0 0 0 0 0 0 0
1569 2 0 0 0 0 0 0 0 0
1571 2 0 0 0 0 0 0 0 0
1572 2 0 0 0 0 0 0 0 0
1573 2 0 0 0 0 0 0 0 0
1574 2 0 0 0 0 0 0 0 0
1575 2 0 0 0 0 0 0 0 0
1576 2 0 0 0 0 0 0 0 0
1577 2 0 0 0 0 0 0 0 0
1578 2 0 0 2 0 0 0 0 0
1582 2 0 0 0 0 0 0 0 0
1583 2 0 0 0 0 0 0 0 0
1584 2 2 1 0 0 0 0 0 0
1590 2 0 0 0 0 0 0 0 0
1591 2 0 0 0 0 0 0 0 0
1592 4 0 0 0 0 0 0 0 0
1596 2 0 0 0 0 0 0 0 0
1597 2 0 0 0 0 0 0 0 0
1600 2 0 0 2 1 1 0 0 0
1601 2 0 0 2 1 1 0 0 0
1602 2 0 0 0 0 0 0 0 0
1605 2 0 0 0 0 0 0 0 0
1606 2 2 1 0 0 0 0 0 0
1607 2 0 0 0 0 0 0 0 0
1613 2 0 0 0 0 0 0 0 0
1614 2 0 0 0 0 0 0 0 0
1615 2 0 0 0 0 0 0 0 0
1616 2 0 0 0 0 0 0 0 0
1617 2 0 0 0 0 0 0 0 0
1618 2 0 0 0 0 0 0 0 0
1690 2 1 1 0 0 0 0 0 0
1691 2 0 0 2 1 1 0 0 0
1692 2 0 0 2 0 0 0 0 0
1693 2 0 0 0 0 0 0 0 0
1694 2 0 0 0 0 0 0 0 0
1696 2 0 0 0 0 0 0 0 0
1697 2 0 0 0 0 0 0 0 0
1698 2 0 0 0 0 0 0 0 0
1699 2 0 0 0 0 0 0 0 0
1700 2 0 0 0 0 0 0 0 0
1701 2 0 0 0 0 0 0 0 0
1702 2 0 0 0 0 0 0 0 0
1703 1 0 0 1 0 0 0 0 0
1707 1 0 0 0 0 0 0 0 0
1708 1 0 0 0 0 0 0 0 0
1709 1 1 1 0 0 0 0 0 0
1715 1 0 0 0 0 0 0 0 0
1716 1 0 0 0 0 0 0 0 0
1717 2 0 0 0 0 0 0 0 0
1721 1 0 0 0 0 0 0 0 0
1722 1 0 0 0 0 0 0 0 0
1725 1 0 0 1 0 0 0 0 0
1726 1 0 0 1 1 1 0 0 0
1727 1 0 0 0 0 0 0 0 0
1730 1 0 0 0 0 0 0 0 0
1731 1 1 1 0 0 0 0 0 0
1732 1 0 0 0 0 0 0 0 0
1738 1 0 0 0 0 0 0 0 0
1739 1 0 0 0 0 0 0 0 0
1740 1 0 0 0 0 0 0 0 0
1741 1 0 0 0 0 0 0 0 0
1742 1 0 0 0 0 0 0 0 0
1743 1 0 0 0 0 0 0 0 0
1750 1 0 0 0 0 0 0 0 0
1751 1 0 0 0 0 0 0 0 0
1753 1 0 0 0 0 0 0 0 0
1754 1 0 0 0 0 0 0 0 0
1756 1 0 0 1 0 0 0 0 0
1757 1 0 0 1 0 0 0 0 0
1758 1 0 0 0 0 0 0 0 0
1761 1 1 1 0 0 0 0 0 0
1762 1 0 0 0 0 0 0 0 0
1763 1 0 0 0 0 0 0 0 0
1769 1 0 0 0 0 0 0 0 0
1770 1 0 0 0 0 0 0 0 0
1771 1 0 0 0 0 0 0 0 0
1772 1 0 0 0 0 0 0 0 0
1773 1 0 0 0 0 0 0 0 0
1774 1 0 0 0 0 0 0 0 0
1940 10 1 1 0 0 0 0 0 0
1941 10 0 0 10 0 0 0 0 0
1942 10 0 0 10 0 0 0 0 0
1943 10 0 0 0 0 0 0 0 0
1944 10 0 0 0 0 0 0 0 0
1946 10 0 0 0 0 0 0 0 0
1947 10 0 0 0 0 0 0 0 0
1948 10 0 0 0 0 0 0 0 0
1949 10 0 0 0 0 0 0 0 0
1950 10 0 0 0 0 0 0 0 0
1951 10 0 0 0 0 0 0 0 0
1952 10 0 0 0 0 0 0 0 0
1953 1 0 0 1 0 0 0 0 0
1957 1 0 0 0 0 0 0 0 0
1958 1 0 0 0 0 0 0 0 0
1959 1 1 1 0 0 0 0 0 0
1965 1 0 0 0 0 0 0 0 0
1966 1 0 0 0 0 0 0 0 0
1967 2 0 0 0 0 0 0 0 0
1971 1 0 0 0 0 0 0 0 0
1972 1 0 0 0 0 0 0 0 0
1975 1 0 0 1 0 0 0 0 0
1976 1 0 0 1 0 0 0 0 0
1977 1 0 0 0 0 0 0 0 0
1980 1 0 0 0 0 0 0 0 0
1981 1 1 1 0 0 0 0 0 0
1982 1 0 0 0 0 0 0 0 0
1988 1 0 0 0 0 0 0 0 0
1989 1 0 0 0 0 0 0 0 0
1990 1 0 0 0 0 0 0 0 0
1991 1 0 0 0 0 0 0 0 0
1992 1 0 0 0 0 0 0 0 0
1993 1 0 0 0 0 0 0 0 0
2065 6 1 1 0 0 0 0 0 0
2066 6 0 0 6 2 1 0 0 0
2067 6 0 0 6 2 2 0 0 0
2068 6 0 0 0 0 0 0 0 0
2069 6 0 0 0 0 0 0 0 0
2071 6 0 0 0 0 0 0 0 0
2072 6 0 0 0 0 0 0 0 0
2073 6 0 0 0 0 0 0 0 0
2074 6 0 0 0 0 0 0 0 0
2075 6 0 0 0 0 0 0 0 0
2076 6 0 0 0 0 0 0 0 0
2077 6 0 0 0 0 0 0 0 0
2079 5 0 0 5 0 0 0 0 0
2083 5 0 0 0 0 0 0 0 0
2084 5 0 0 0 0 0 0 0 0
2085 5 1 1 0 0 0 0 0 0
2091 5 0 0 0 0 0 0 0 0
2092 5 0 0 0 0 0 0 0 0
2094 10 0 0 0 0 0 0 0 0
2098 5 0 0 0 0 0 0 0 0
2099 5 0 0 0 0 0 0 0 0
2102 5 0 0 5 0 0 0 0 0
2103 5 0 0 5 2 2 0 0 0
2104 5 0 0 0 0 0 0 0 0
2107 5 0 0 0 0 0 0 0 0
2108 5 1 1 0 0 0 0 0 0
2109 5 0 0 0 0 0 0 0 0
2115 5 0 0 0 0 0 0 0 0
2116 5 0 0 0 0 0 0 0 0
2117 5 0 0 0 0 0 0 0 0
2118 5 0 0 0 0 0 0 0 0
2119 5 0 0 0 0 0 0 0 0
2120 5 0 0 0 0 0 0 0 0
2127 1 0 0 0 0 0 0 0 0
2128 1 0 0 0 0 0 0 0 0
2130 1 0 0 0 0 0 0 0 0
2131 1 0 0 0 0 0 0 0 0
2133 1 0 0 1 0 0 0 0 0
2134 1 0 0 1 0 0 0 0 0
2135 1 0 0 0 0 0 0 0 0
2138 1 1 1 0 0 0 0 0 0
2139 1 0 0 0 0 0 0 0 0
2140 1 0 0 0 0 0 0 0 0
2146 1 0 0 0 0 0 0 0 0
2147 1 0 0 0 0 0 0 0 0
2148 1 0 0 0 0 0 0 0 0
2149 1 0 0 0 0 0 0 0 0
2150 1 0 0 0 0 0 0 0 0
2151 1 0 0 0 0 0 0 0 0
2194 16 0 0 0 0 0 0 0 0
2196 38 0 0 0 0 0 0 0 0
2197 38 0 0 0 0 0 0 0 0
2198 38 0 0 0 0 0 0 0 0
2199 38 0 0 0 0 0 0 0 0
2200 44 0 0 0 0 0 0 0 0
2205 149 1 1 0 0 0 0 0 0
2211 149 0 0 149 0 0 0 0 0
2212 149 0 0 149 0 0 0 0 0
2220 149 0 0 0 0 0 0 0 0
2221 149 0 0 149 0 0 0 0 0
fl=./string/./string/strdup.c
fn=strdup
40 12 1 1 0 0 0 6 0 0
41 6 0 0 0 0 0 3 0 0
44 6 0 0 0 0 0 0 0 0
47 12 0 0 0 0 0 0 0 0
48 9 1 1 6 0 0 0 0 0
fl=./wcsmbs/../sysdeps/x86_64/multiarch/ifunc-avx2.h
fn=wcschr
32 4 0 0 0 0 0 0 0 0
33 10 1 1 4 0 0 0 0 0
fn=wcscmp
32 2 0 0 0 0 0 0 0 0
33 5 2 2 2 0 0 0 0 0
fl=./wcsmbs/../sysdeps/x86_64/multiarch/ifunc-evex.h
fn=wmemchr
34 4 0 0 0 0 0 0 0 0
35 10 1 1 4 0 0 0 0 0
fl=./wcsmbs/../sysdeps/x86_64/multiarch/ifunc-memcmp.h
fn=wmemcmp
33 4 1 1 2 0 0 0 0 0
34 3 0 0 1 0 0 0 0 0
49 4 1 1 0 0 0 0 0 0
fl=./wcsmbs/../sysdeps/x86_64/multiarch/ifunc-wcslen.h
fn=wcslen
33 2 0 0 0 0 0 0 0 0
34 4 1 1 2 0 0 0 0 0
48 4 1 1 1 0 0 0 0 0
fn=wcsnlen
33 2 0 0 0 0 0 0 0 0
34 4 1 1 2 0 0 0 0 0
48 4 0 0 1 0 0 0 0 0
fl=./wcsmbs/../sysdeps/x86_64/multiarch/ifunc-wmemset.h
fn=wmemset
33 10 1 1 4 0 0 0 0 0
fl=./wcsmbs/../sysdeps/x86_64/multiarch/wcschr.c
fn=wcschr
31 2 0 0 2 0 0 0 0 0
fl=./wcsmbs/../sysdeps/x86_64/multiarch/wcscmp.c
fn=wcscmp
30 1 0 0 1 0 0 0 0 0
fl=./wcsmbs/../sysdeps/x86_64/multiarch/wcscpy.c
fn=wcscpy
37 5 1 1 2 0 0 0 0 0
43 1 1 1 1 0 0 0 0 0
fl=./wcsmbs/../sysdeps/x86_64/multiarch/wcslen.c
fn=wcslen
29 1 0 0 1 0 0 0 0 0
fl=./wcsmbs/../sysdeps/x86_64/multiarch/wcsnlen.c
fn=wcsnlen
29 1 0 0 1 0 0 0 0 0
fl=./wcsmbs/../sysdeps/x86_64/multiarch/wmemchr.c
fn=wmemchr
31 2 0 0 2 0 0 0 0 0
fl=./wcsmbs/../sysdeps/x86_64/multiarch/wmemcmp.c
fn=wmemcmp
29 1 0 0 1 0 0 0 0 0
fl=./wcsmbs/../sysdeps/x86_64/multiarch/wmemset.c
fn=wmemset
31 2 1 1 2 0 0 0 0 0
fl=/home/misael/Documents/UNSA/ComputacionParalelaYDistribuida/CPD-Labs/Pruebas_Memoria_Cache/Multiplicacion_de_Matrices/NaiveMat.cpp
fn=main
6 2 0 0 0 0 0 1 0 0
8 3004 1 1 2001 0 0 1 0 0
9 3004000 2 2 2001000 0 0 1000 0 0
10 10000000 0 0 2000000 0 0 1000000 125000 125000
11 3004000000 0 0 2001000000 0 0 1000000 0 0
12 38000000000 2 2 11000000000 1125000000 250000 1000000000 0 0
15 1 0 0 0 0 0 0 0 0
16 2 0 0 2 0 0 0 0 0
fl=???
fn=(below main)
0 11 1 1 2 0 0 3 0 0
fn=???
0 120 20 19 42 6 2 15 1 1
summary: 41017152690 1051 1041 13005036680 1125001458 251260 1002013205 125569 125519
